ỵ 0.84 802 30 9 31
Ù 0.8 750 31 9 29
Ù 0.6 898 32 10 28
Ù 0.84 836 32 10 28
Ạ 0.57 282 61 19 18
Ạ 0.79 147 61 15 22
ê 0.93 147 64 26 34
Đ 0.59 105 64 20 18
ậ 0.99 281 70 25 36
ỵ 0.65 744 72 23 30
ỵ 0.91 805 72 26 30
Ũ 0.97 103 78 25 22
ư 0.99 755 79 13 25
ỵ 0.96 720 80 17 21
Ú 0.95 625 134 4 10
Ồ 0.98 552 134 3 12
ồ 0.99 598 134 7 10
ú 0.99 578 135 7 10
À 1.0 537 135 6 10
ú 1.0 497 136 5 9
ú 0.54 510 136 4 8
Ẩ 1.0 387 137 6 9
À 1.0 432 137 7 9
ú 0.84 475 137 2 8
ự 1.0 325 137 6 11
Ư 0.54 321 137 3 9
ù 0.94 393 137 5 9
Ư 0.62 346 138 3 8
Ũ 0.95 349 139 6 7
Ư 1.0 105 140 7 9
Ổ 1.0 600 160 7 10
ý 0.99 521 161 7 13
ù 1.0 560 161 6 9
ù 0.98 562 162 7 9
Ú 0.97 448 162 8 10
À 1.0 512 162 5 10
ế 1.0 438 162 7 10
ế 1.0 480 162 6 10
Ừ 0.99 407 163 7 10
ă 1.0 332 163 7 11
ù 0.99 369 163 6 10
À 0.58 388 163 5 9
á 1.0 359 163 6 10
ă 1.0 329 164 5 9
Ù 0.99 403 164 7 9
Ờ 1.0 293 164 7 9
ú 1.0 256 165 7 9
ư 0.95 397 165 6 7
ử 0.86 135 165 4 10
Ù 1.0 153 166 7 9
ấ 1.0 187 166 5 8
Ứ 0.88 205 166 3 8
ú 0.92 107 166 3 11
Ư 0.97 286 166 8 7
Đ 1.0 97 167 7 8
â 0.96 161 168 5 7
ú 1.0 688 186 6 10
Ă 0.94 662 187 7 9
ú 0.59 699 187 6 8
Ũ 0.97 706 188 7 7
Ư 0.67 237 191 4 10
À 1.0 124 192 6 9
Ắ 1.0 104 192 8 10
á 1.0 688 210 6 9
Ă 1.0 657 210 7 9
À 1.0 625 210 6 9
Ù 0.77 699 210 7 9
Ơ 0.98 707 211 7 7
ù 1.0 170 215 6 9
À 1.0 114 216 6 9
ú 0.99 151 217 7 7
Ứ 1.0 863 237 7 10
Ễ 0.99 898 237 6 10
Ư 0.94 894 238 4 8
Ư 0.94 651 240 8 9
Ử 0.94 531 240 3 9
Ă 1.0 535 240 6 10
Đ 0.98 648 241 6 8
Đ 0.99 496 242 7 9
Ă 1.0 363 242 7 10
Ừ 0.55 500 242 5 8
Ầ 1.0 139 244 7 10
ư 0.99 379 244 7 7
Ơ 0.5 385 244 6 8
Ợ 0.87 387 245 6 8
ú 0.99 106 245 6 10
Ỳ 1.0 773 274 6 7
Đ 0.94 763 275 7 8
Ấ 0.95 543 276 4 7
ạ 0.68 147 280 20 23
Ỳ 0.59 136 301 9 17
Ỳ 0.58 144 301 12 18
ủ 0.99 136 309 18 27
À 0.99 237 341 8 8
ấ 1.0 597 403 5 8
ớ 0.99 567 403 7 10
ấ 0.83 602 403 3 8
Ú 0.99 524 403 7 10
Ồ 1.0 593 430 7 10
ú 1.0 532 431 4 9
Ạ 1.0 545 432 7 10
Ắ 1.0 632 455 8 11
ì 0.89 648 455 10 11
ế 1.0 559 456 6 10
ú 1.0 524 456 8 11
Ứ 1.0 594 457 8 9
Ư 0.99 587 458 8 8
Ơ 0.97 532 484 9 9
ổ 1.0 532 544 11 11
ủ 0.99 672 615 4 10
Ù 0.9 687 616 2 9
À 1.0 716 616 7 9
Đ 0.97 634 617 8 8
Ư 0.99 697 618 7 7
Ợ 0.68 354 618 2 11
Á 1.0 439 618 6 9
ủ 0.9 382 618 4 9
Đ 0.99 344 619 9 9
Á 1.0 174 620 5 9
â 0.91 135 622 6 7
Ù 0.83 650 640 3 9
Ù 0.99 646 640 6 10
Ư 0.84 655 640 3 10
Ù 1.0 643 640 6 10
Ơ 0.77 672 641 4 8
Ổ 0.97 392 642 6 9
Ù 1.0 353 642 6 9
ù 0.75 360 643 2 8
Ấ 0.98 144 645 6 8
Ừ 1.0 831 655 6 10
Ổ 1.0 643 656 7 10
Ừ 0.99 646 656 8 10
À 1.0 403 658 6 10
Ấ 1.0 728 658 7 8
Ợ 1.0 373 661 6 8
Ắ 1.0 755 672 7 10
Ư 0.78 789 672 2 9
Ở 1.0 792 672 7 10
Ợ 0.98 669 673 8 11
è 1.0 688 673 7 9
Ơ 0.97 697 673 7 9
Đ 0.99 746 673 8 9
Ầ 1.0 408 674 6 10
À 0.98 662 674 7 8
Ổ 1.0 514 674 7 8
À 1.0 533 674 6 8
À 1.0 472 674 7 8
Ừ 1.0 367 675 6 9
ỹ 0.84 440 677 8 9
Ư 0.97 690 690 6 9
À 0.99 725 690 7 8
Ừ 0.74 357 691 7 10
Ú 0.91 390 692 3 9
Ô 1.0 472 692 7 9
Á 0.99 427 692 6 9
Ư 0.57 447 692 4 9
ú 0.89 434 693 3 8
Ù 1.0 199 844 7 12
Ù 1.0 162 845 10 13
Ú 0.51 123 845 5 9
Ư 0.94 116 846 9 10
ế 1.0 232 862 6 11
Ẩ 1.0 350 862 7 8
Ổ 0.98 204 863 7 10
Ư 0.93 229 864 3 6
Ề 0.99 398 864 5 10
Ừ 1.0 421 864 5 10
ú 0.87 200 864 4 9
ù 0.97 282 864 5 9
ý 1.0 312 864 6 12
Ù 0.59 414 864 6 10
ứ 0.97 483 864 5 10
ủ 0.9 518 864 4 10
ú 0.93 608 864 5 10
Ù 0.99 637 864 5 10
ú 0.82 136 865 5 8
ộ 1.0 332 865 7 10
À 0.52 418 865 3 5
Ẩ 0.95 559 865 6 9
ứ 0.97 565 865 5 9
Ỏ 0.66 589 865 3 5
ú 0.99 687 865 5 9
Ử 0.96 569 865 6 10
Ư 0.94 338 866 6 8
ú 1.0 666 866 6 8
Ý 0.72 699 866 5 9
ư 0.75 359 866 6 8
ụ 0.7 130 867 7 7
Ỵ 0.98 370 867 6 8
Ư 0.96 596 867 6 7
ư 0.52 385 867 4 7
À 0.64 309 879 5 7
ồ 1.0 298 880 8 11
ồ 1.0 279 880 6 11
ú 0.97 613 880 5 11
ầ 1.0 436 881 6 11
Ẫ 0.99 627 881 7 11
ử 0.98 130 881 6 9
ổ 1.0 663 881 7 11
Ử 1.0 830 881 6 12
ứ 0.99 232 882 6 9
Â 1.0 255 882 7 10
ú 0.8 295 882 4 9
À 0.99 543 882 5 10
Ừ 0.59 669 882 5 10
Ừ 0.69 672 882 7 10
ú 0.52 365 883 3 8
ủ 0.75 522 883 4 9
ú 0.92 533 883 5 9
ù 0.94 722 883 4 9
Ả 0.91 519 883 6 10
Ú 0.69 836 884 4 10
ứ 0.94 688 884 5 8
ủ 0.9 870 884 4 9
Ũ 0.54 583 885 7 7
ỵ 0.93 356 885 6 9
Ợ 0.85 645 885 5 9
Ư 0.65 714 885 8 8
Ơ 0.98 777 885 7 8
Ấ 0.9 891 886 6 8
Ơ 0.79 808 886 7 9
À 0.99 251 897 7 10
Ả 0.99 389 897 6 10
ắ 0.89 293 898 5 9
ứ 0.96 256 898 7 11
Ả 0.99 694 898 6 9
ủ 0.97 175 899 6 8
ủ 0.86 338 899 4 7
Ù 0.93 615 899 6 8
Ử 0.9 742 899 7 7
Ồ 0.99 107 899 7 9
ù 0.65 570 899 4 10
ú 0.98 151 899 6 9
ủ 0.69 171 899 4 7
ủ 0.9 231 899 4 8
À 0.98 275 899 6 8
ù 0.59 618 899 5 10
Ẩ 0.88 284 900 6 8
Ở 0.92 332 900 5 7
Ú 0.91 349 900 4 7
Ù 0.89 362 900 6 8
Ù 0.84 566 900 4 7
Ỷ 0.9 289 900 7 7
ồ 0.98 482 900 7 7
ú 0.99 506 900 6 6
Ầ 0.93 586 900 6 7
ứ 0.91 624 900 8 10
À 0.99 353 901 5 8
ú 0.95 442 901 6 6
Ử 0.98 484 901 7 9
ỵ 0.97 259 901 6 8
À 0.84 522 901 7 6
Ừ 0.9 534 901 7 9
ư 0.56 307 901 5 8
Ú 0.67 356 901 5 8
Ư 0.74 490 901 7 8
Ư 0.89 514 901 7 9
Ú 0.88 596 901 6 9
Ư 0.65 161 901 5 8
Ư 0.63 452 901 6 9
Ư 0.65 424 902 5 7
Ụ 0.88 123 902 6 9
ứ 0.76 698 902 5 8
ứ 0.83 593 903 6 7
Ơ 0.82 768 904 6 7
ề 0.96 236 915 5 11
Ù 0.55 239 915 5 10
Ũ 0.99 483 917 8 11
Ù 0.98 489 917 6 10
ú 0.97 572 917 6 10
ú 0.68 285 917 5 8
ú 0.85 310 917 4 9
Ử 0.99 740 917 7 11
ú 0.53 307 917 4 9
ú 0.96 575 917 6 11
ù 0.85 331 918 6 9
ú 0.76 355 918 5 8
Ử 0.63 459 918 5 8
Ù 0.53 488 918 4 10
Ư 0.97 712 918 7 10
Ý 0.79 365 918 5 8
ứ 0.95 412 918 6 9
Ú 0.53 543 918 4 8
À 0.8 601 918 5 10
Ư 0.77 448 918 6 9
ú 0.93 611 918 6 9
ú 0.9 754 918 7 10
ù 0.95 866 919 4 11
Ư 0.83 138 919 7 7
ý 0.9 361 919 5 8
ủ 0.97 630 919 6 9
Ư 0.68 278 919 6 7
Ẩ 0.76 281 919 7 7
ú 0.51 529 919 4 8
Ù 0.8 666 919 7 9
Ủ 0.88 748 919 3 9
ỵ 0.69 644 920 6 8
ủ 0.97 765 920 6 8
Ù 0.84 736 920 5 9
Ú 0.96 799 920 4 9
Ơ 0.93 723 921 7 7
Ợ 0.84 682 922 6 7
ỵ 0.76 771 923 7 7
Ư 0.76 792 923 6 6
ẳ 0.75 374 933 7 10
ủ 0.57 357 934 4 9
ồ 1.0 722 934 7 12
ứ 0.9 172 934 5 10
Ừ 0.63 175 935 4 8
ủ 0.55 399 935 3 8
Ú 0.61 320 935 2 8
ù 0.97 402 935 6 9
ử 0.96 576 935 6 10
Ổ 0.85 352 935 7 9
ứ 0.91 445 935 6 9
Ứ 0.81 458 935 6 9
ừ 0.97 493 935 6 9
Ả 0.93 579 935 6 9
Ư 0.6 499 936 5 8
Ẩ 0.7 633 936 4 9
Ừ 0.89 734 936 6 10
Ũ 0.72 107 936 5 7
ư 0.76 120 936 5 7
Ù 0.75 489 936 7 9
Ư 0.75 357 937 7 7
ô 0.84 691 937 6 9
Ừ 0.89 695 937 6 8
Ư 0.78 643 937 3 9
Ừ 0.61 650 937 6 8
Ứ 0.98 780 937 7 9
Ử 1.0 808 937 5 9
ù 0.54 610 938 6 7
À 0.73 634 938 6 7
Ú 0.61 659 938 7 7
ỵ 0.52 668 938 8 8
ỵ 0.77 666 939 7 9
Ư 0.78 746 940 6 6
Ư 0.95 814 940 7 8
Ủ 1.0 116 948 6 11
ủ 0.83 208 949 5 11
Ù 0.96 197 949 6 11
ứ 0.65 339 949 4 11
Ả 1.0 321 950 6 10
Ừ 0.82 289 950 4 10
Ý 0.8 336 950 5 10
Ừ 0.86 286 950 5 10
ứ 0.94 146 951 6 9
Ở 0.98 240 951 8 10
Ỹ 0.86 157 952 4 8
ủ 0.63 177 952 4 8
ứ 0.69 167 952 4 8
ỳ 0.97 244 952 6 8
ố 0.99 724 952 6 10
Ù 0.9 397 952 3 9
Ư 0.67 315 952 5 9
Ừ 1.0 412 952 6 10
ú 0.79 348 953 4 8
ứ 0.98 523 953 6 9
ứ 0.92 442 953 4 9
Ừ 1.0 494 953 7 9
ú 0.92 506 953 6 9
ù 0.99 552 953 6 9
Ừ 0.7 738 953 5 10
Ẩ 1.0 789 953 6 11
Á 1.0 840 954 6 10
ủ 0.95 469 954 5 7
ú 0.58 472 955 3 6
Í 0.75 773 956 3 8
ỳ 0.94 877 956 5 10
Ù 0.72 836 956 3 9
ỵ 0.98 811 959 6 7
ố 1.0 120 966 6 12
Ư 0.96 192 967 6 11
ứ 0.93 201 967 6 11
Ừ 0.68 246 969 4 9
Ừ 0.8 243 969 4 9
ứ 0.76 150 969 4 9
í 0.85 327 969 5 10
Ừ 0.81 276 970 5 8
Ư 0.7 282 970 4 8
Ư 0.85 220 971 7 9
Ơ 0.85 300 972 7 8
Ơ 0.88 304 972 7 8
ủ 0.99 529 986 6 11
ú 0.73 181 986 3 9
ù 0.73 190 986 4 9
ừ 0.96 232 986 5 9
Ư 0.83 269 986 6 10
Ư 0.53 278 986 4 9
ư 0.66 194 986 3 9
Ư 0.96 266 986 6 11
ú 0.97 290 986 7 10
ứ 1.0 319 986 6 9
Ừ 0.97 381 986 6 10
Ư 0.79 304 987 6 8
ú 0.7 311 987 6 8
ù 0.98 294 987 6 10
ầ 0.55 550 987 4 9
Ù 0.85 345 987 4 9
Ơ 0.94 143 988 6 7
Ơ 0.78 151 988 8 7
ù 0.99 479 988 7 9
ú 0.54 508 988 3 9
ủ 1.0 563 988 6 9
ứ 0.99 615 988 6 9
ủ 0.58 639 988 3 9
Ề 0.98 642 988 6 9
ù 0.95 679 988 6 10
Ý 0.69 629 989 5 8
Ử 0.96 736 989 5 9
Ù 0.57 711 989 4 9
ứ 1.0 804 989 6 9
Ợ 0.99 338 989 8 8
Ô 0.98 760 989 6 10
ỵ 0.85 409 990 7 9
Ầ 0.75 426 990 6 7
ứ 0.92 708 990 4 7
Ẩ 0.95 847 990 7 9
Ù 0.53 855 990 3 9
Ý 0.99 868 990 5 9
Ơ 0.54 773 991 6 8
Ú 0.69 895 991 3 8
Ư 0.81 766 991 7 7
Ư 0.53 788 991 7 8
ù 0.89 319 1002 4 11
ắ 0.98 390 1002 7 12
ấ 0.96 164 1002 7 11
ú 0.97 176 1003 5 10
Ù 0.92 276 1003 4 10
Ù 0.86 279 1003 4 9
ủ 0.99 112 1003 7 10
ú 0.71 333 1004 5 10
Ũ 0.9 360 1005 4 9
Ù 0.93 596 1005 6 10
Ù 0.98 435 1005 5 9
Ổ 0.73 354 1005 6 9
Â 0.96 458 1005 6 9
ủ 0.9 494 1005 6 9
ú 0.6 506 1005 5 8
ủ 0.98 590 1005 6 9
Ù 0.68 606 1005 3 10
Ý 0.53 616 1005 5 10
Ý 0.9 312 1006 6 8
Ù 0.74 422 1006 4 9
ủ 0.57 463 1006 4 8
ủ 0.75 517 1006 3 8
ủ 0.95 520 1006 6 8
ứ 0.77 712 1006 3 9
Ư 0.92 200 1006 6 7
Ú 0.86 630 1006 4 10
Ụ 0.86 600 1006 6 11
ỷ 0.93 642 1006 4 10
Ù 0.7 713 1007 6 9
Ẩ 0.94 705 1007 6 9
Ợ 0.98 415 1007 6 9
ụ 0.79 337 1008 4 8
Ũ 1.0 154 1026 10 12
Á 1.0 114 1027 10 11
Ư 0.82 175 1045 9 11
À 0.72 372 1047 7 10
Ả 0.99 329 1048 7 8
ứ 0.98 543 1048 4 9
Ư 0.93 646 1049 5 8
Ư 0.91 337 1050 5 6
Ù 0.9 137 1069 3 8
ủ 0.99 441 1070 4 9
Ù 0.97 426 1070 4 9
Ư 0.97 122 1071 7 6
Ư 0.94 130 1071 6 6
Ừ 0.93 700 1072 6 8
Ử 0.96 721 1072 4 8
â 0.97 755 1072 5 8
Ư 0.98 413 1072 7 7
Ơ 0.99 420 1072 6 7
Ú 0.83 707 1072 3 8
ú 0.88 778 1072 4 8
Ừ 0.78 781 1072 3 8
ủ 0.96 738 1088 5 10
Ù 0.65 715 1089 5 8
ù 0.55 764 1089 4 8
Ơ 0.91 709 1090 7 8
Ư 0.94 701 1091 7 7
ủ 0.97 749 1110 6 10
ú 0.92 737 1111 3 9
Â 0.99 780 1112 6 9
Í 0.53 78 1145 26 21
Ị 0.54 78 1152 18 19
Ị 0.89 112 1159 18 26
Ú 0.6 148 1161 14 24
Â 0.92 789 1175 13 23
Ỵ 0.96 807 1192 19 21
l 0.94 822 28 9 35
l 0.84 882 29 6 19
l 0.77 890 29 6 21
l 0.74 887 29 5 19
l 0.66 897 29 6 21
l 0.86 902 29 5 20
l 0.87 906 29 5 20
l 0.7 831 30 6 20
l 0.7 836 30 6 19
l 0.79 846 30 5 17
l 0.86 853 30 6 19
l 0.9 727 30 6 19
l 0.74 736 30 5 19
l 0.87 740 30 6 19
l 0.86 748 30 7 19
l 0.84 770 30 6 19
l 0.79 782 30 7 19
l 0.88 798 30 6 19
l 0.96 802 30 6 19
l 0.89 807 30 6 19
l 0.69 840 30 6 19
l 0.56 857 30 7 19
l 0.82 703 30 6 19
l 0.69 707 30 5 19
l 0.68 722 30 6 18
l 0.94 732 30 6 19
l 0.9 744 30 6 19
l 0.57 765 30 6 19
l 0.65 777 30 7 19
l 0.78 818 30 7 18
l 0.76 826 30 7 19
l 0.78 794 31 6 24
l 0.81 828 34 8 32
l 0.65 857 34 9 32
l 0.54 760 40 7 28
l 0.89 727 45 6 22
l 0.8 711 45 7 22
l 0.57 881 45 6 20
l 0.59 739 45 7 21
l 0.64 769 45 7 21
l 0.61 782 45 6 21
l 0.88 794 46 5 20
l 0.87 802 46 6 19
l 0.52 889 46 6 19
l 0.5 902 46 5 19
l 0.93 744 46 6 20
l 0.65 798 46 6 19
l 0.51 814 46 7 19
l 0.61 906 46 6 19
i 0.58 750 46 5 21
l 0.62 849 47 6 19
l 0.63 808 48 5 18
l 0.62 853 48 6 18
n 0.98 896 69 19 14
h 0.93 252 70 24 29
e 0.79 709 70 20 13
  1.0 746 70 15 13
m 0.84 860 70 7 13
o 0.99 315 71 16 12
n 0.83 314 71 21 27
m 0.95 840 71 10 12
l 0.99 872 71 12 12
u 1.0 774 71 14 12
m 0.89 787 71 10 12
l 0.63 794 71 6 12
I 0.95 853 71 10 12
v 0.97 865 71 12 12
u 0.9 874 71 26 30
r 0.61 312 72 8 11
  0.96 236 74 8 9
n 0.88 180 74 20 27
r 0.69 221 74 11 24
  0.57 193 74 19 26
V 0.87 776 78 9 22
l 0.95 787 78 14 21
j 0.9 895 78 17 20
n 0.71 741 80 13 21
s 0.97 710 84 18 17
i 0.64 642 134 4 10
  0.99 659 134 7 10
M 0.99 634 135 8 9
h 0.96 654 135 6 8
c 0.99 609 135 8 9
h 0.99 618 135 7 9
h 0.99 571 136 6 8
t 0.98 650 136 7 8
P 1.0 564 136 6 8
H 0.99 590 136 6 8
h 1.0 489 136 7 9
T 0.99 522 136 7 9
h 1.0 530 136 7 9
n 0.86 646 136 6 7
C 0.99 459 137 7 9
h 0.99 512 137 6 8
N 0.99 402 137 7 9
h 0.99 468 137 5 8
h 0.98 552 137 7 7
T 0.99 372 138 7 8
h 0.97 379 138 7 8
v 0.99 315 138 6 8
n 0.99 545 138 6 6
t 0.99 332 139 4 7
N 0.96 341 139 5 7
n 0.95 504 139 7 6
E 0.99 244 139 6 9
  0.51 336 139 4 7
n 0.99 440 139 6 7
n 0.98 482 139 6 6
s 0.99 185 139 6 10
c 1.0 98 140 7 9
H 1.0 173 140 7 8
t 0.98 268 140 5 8
m 0.96 359 140 8 6
9 0.99 410 140 6 8
u 0.97 418 140 5 6
y 0.98 425 140 7 7
e 0.76 255 140 5 7
o 0.9 278 140 6 7
s 0.99 304 140 4 7
T 1.0 146 140 8 9
N 0.99 154 140 7 9
H 0.96 163 140 8 8
n 0.9 286 140 6 7
c 0.98 296 140 6 7
t 0.96 132 141 4 8
a 0.99 192 141 7 7
c 0.97 262 141 6 6
r 0.88 272 141 6 6
M 0.52 283 141 4 6
s 0.74 210 141 7 7
9 0.99 232 141 6 9
m 0.98 199 142 10 6
n 0.94 226 142 6 5
n 0.95 113 142 6 7
g 0.99 120 142 7 9
y 0.98 136 142 6 8
u 0.98 218 142 5 5
c 1.0 621 161 9 9
1 1.0 581 161 7 9
h 1.0 553 162 7 8
h 0.97 576 162 5 8
h 1.0 595 162 7 8
M 0.53 630 162 4 8
P 0.84 587 162 5 8
H 0.98 613 162 6 8
M 0.98 631 162 7 8
u 1.0 501 162 10 11
T 0.81 545 162 7 8
h 1.0 474 163 6 9
  0.99 468 163 6 10
Q 0.93 495 163 8 9
  0.98 571 163 8 8
Z 0.51 341 164 3 9
N 0.98 457 164 5 7
  0.66 365 164 3 9
w 0.99 392 164 6 9
n 0.99 519 164 6 7
1 0.85 530 164 6 7
H 1.0 321 165 8 9
T 0.99 343 165 7 8
t 1.0 350 165 8 8
P 0.91 382 165 6 8
c 0.94 416 165 6 7
u 0.99 424 165 8 9
n 0.72 445 165 6 7
g 0.97 465 165 6 8
g 0.98 418 165 7 10
h 0.97 180 166 5 8
q 0.99 308 166 7 9
u 0.83 366 166 7 6
I 0.97 377 166 7 7
n 0.9 410 166 7 6
B 0.96 197 166 7 8
t 0.98 208 166 5 8
h 0.98 128 166 6 9
T 1.0 146 166 7 9
n 0.94 300 166 8 7
e 0.68 214 167 5 7
s 0.96 250 167 5 6
x 0.92 221 167 7 7
C 0.96 228 167 5 7
9 0.95 236 167 5 6
l 0.78 177 168 3 6
n 0.99 172 168 6 7
a 0.99 110 169 7 6
c 1.0 121 169 6 6
O 0.86 896 185 6 8
N 0.99 791 186 8 8
h 0.99 674 187 6 9
v 0.93 783 187 7 7
S 0.96 655 187 7 10
n 0.92 713 189 8 6
o 0.96 681 189 7 7
l 0.56 676 189 5 7
h 0.99 117 192 6 9
v 0.98 163 193 10 8
N 0.99 173 193 6 7
S 0.99 98 193 7 9
g 0.98 139 194 5 9
n 0.97 131 194 6 7
c 0.95 842 208 6 10
W 0.97 612 210 8 10
h 0.99 674 210 6 8
t 0.98 665 211 4 8
N 1.0 609 211 6 9
  0.92 630 212 4 10
n 0.95 714 212 8 6
a 0.99 621 213 8 8
u 0.93 650 213 7 6
o 0.98 681 213 7 6
x 0.92 643 213 6 6
g 0.99 617 213 7 9
y 0.99 632 213 7 9
h 1.0 163 216 6 8
N 1.0 98 217 7 7
g 0.92 184 217 6 8
n 0.98 178 217 5 7
j 0.69 188 218 3 7
g 1.0 107 218 6 9
y 0.98 122 218 6 8
  0.58 192 218 3 6
m 0.99 134 218 8 6
u 0.97 144 218 6 6
T 1.0 856 238 7 8
t 0.97 890 238 4 9
G 0.96 768 239 8 9
  0.99 914 239 8 8
G 1.0 751 239 8 9
T 0.99 776 239 8 9
  0.99 664 240 7 9
n 0.91 907 240 7 6
g 0.99 878 240 7 9
8 0.79 655 240 8 9
a 0.98 871 240 7 7
  0.52 883 240 7 9
r 0.76 634 241 8 8
  1.0 358 243 7 10
n 0.98 514 243 5 7
j 1.0 403 244 7 11
g 0.98 524 244 6 9
g 0.97 400 245 7 8
h 0.95 132 245 5 9
m 0.81 392 245 6 6
s 0.97 99 246 7 8
m 0.98 149 248 9 5
n 0.95 113 248 7 6
p 0.97 125 248 5 8
z 0.92 855 274 6 7
g 0.97 650 277 5 7
i 0.73 381 279 6 8
G 1.0 236 290 8 8
A 0.99 281 290 9 8
a 0.95 245 291 7 7
a 0.72 256 291 6 7
x 0.97 225 292 7 6
x 1.0 264 292 6 6
y 0.97 270 292 7 8
G 1.0 292 314 9 9
H 1.0 302 314 7 9
G 1.0 234 315 7 9
z 0.97 312 315 8 8
H 0.99 244 315 7 8
z 0.95 310 316 6 7
z 0.98 252 317 6 6
  0.93 256 317 6 6
z 0.99 276 340 9 10
c 0.95 290 340 8 10
o 1.0 286 340 9 9
G 1.0 295 340 9 9
w 1.0 304 340 9 9
e 0.98 314 340 6 9
s 0.57 217 341 8 10
x 0.96 309 341 8 8
  0.87 331 341 10 9
  0.84 228 341 7 10
v 0.99 318 341 9 8
  0.68 337 341 7 9
9 0.66 891 400 6 9
h 0.99 557 404 6 8
h 0.99 590 404 7 7
T 1.0 516 404 8 9
t 0.96 574 404 4 8
k 0.98 584 406 5 6
u 0.98 605 406 6 5
n 0.99 532 406 6 6
q 0.98 538 406 7 9
c 1.0 550 406 5 6
o 0.73 905 429 6 7
h 0.99 525 432 6 8
h 1.0 571 432 6 7
P 0.99 517 432 6 8
n 1.0 601 433 6 6
c 1.0 564 433 6 7
y 0.99 586 433 7 9
n 0.99 553 434 6 6
u 0.99 578 434 7 6
v 0.98 539 434 7 6
z 0.84 861 456 8 10
d 0.95 916 456 4 7
t 0.99 577 458 4 8
t 0.97 611 458 5 8
t 0.97 550 458 4 8
A 0.63 639 458 7 7
T 1.0 517 458 8 8
r 0.92 581 458 5 8
c 0.99 601 459 6 7
u 0.98 624 459 6 7
n 0.98 566 459 6 7
9 0.99 539 460 7 9
n 0.99 532 460 6 6
d 0.63 916 481 4 7
T 1.0 517 485 10 8
T 1.0 525 485 7 8
B 0.98 541 485 8 7
7 0.96 892 507 7 9
q 0.7 905 508 6 8
G 1.0 534 510 9 9
G 1.0 518 511 9 9
T 1.0 543 511 7 8
T 1.0 526 511 8 9
d 0.72 917 543 7 11
T 1.0 517 547 14 14
n 1.0 544 550 10 11
g 1.0 557 550 11 14
v 0.88 537 550 10 11
4 0.96 880 551 8 7
a 0.93 892 551 10 8
z 0.65 821 551 12 8
  0.97 907 551 11 8
h 0.99 665 616 6 9
h 1.0 709 616 7 9
n 0.94 724 618 6 7
  0.56 653 618 5 7
c 0.99 658 618 6 8
g 1.0 680 618 6 9
a 0.93 690 618 6 7
q 0.99 731 618 6 9
h 1.0 394 618 6 9
h 0.98 416 618 6 9
a 0.98 647 619 6 6
t 0.93 389 619 4 8
t 1.0 427 619 4 8
h 0.99 375 619 5 8
h 0.98 150 621 7 8
n 0.99 447 621 6 6
T 1.0 121 621 8 8
t 0.97 161 621 5 8
a 0.62 356 621 7 6
a 0.95 401 621 6 6
n 0.99 409 621 6 6
c 1.0 368 621 5 7
o 0.96 167 622 6 7
n 0.97 181 622 5 7
n 0.86 143 623 6 6
k 0.97 658 640 5 9
t 0.98 664 640 7 9
d 0.73 683 640 6 9
B 1.0 636 641 7 9
n 0.89 700 642 5 7
l 0.65 703 642 3 6
  0.97 677 642 10 7
m 0.94 668 642 11 7
u 0.87 691 642 6 7
g 0.99 706 642 6 9
B 0.99 345 643 7 8
k 0.95 368 644 5 7
n 0.84 408 644 6 7
g 0.98 415 644 6 9
N 0.99 121 645 7 7
m 0.96 378 645 8 6
U 0.96 400 645 6 6
r 0.85 134 645 7 8
  0.73 157 645 5 8
s 0.99 152 645 5 8
a 0.87 131 646 5 7
p 0.85 137 646 6 8
c 1.0 823 656 6 9
s 1.0 721 656 7 10
K 1.0 796 656 8 9
C 1.0 636 657 8 9
n 0.98 804 657 6 8
a 0.99 678 658 7 8
n 0.99 838 658 6 7
g 0.99 846 658 7 9
N 0.99 669 658 8 7
u 0.96 812 658 5 7
s 0.97 747 658 6 8
n 0.99 761 658 7 7
9 0.99 769 658 7 9
m 0.99 737 658 9 7
m 0.92 686 659 11 6
a 0.93 696 659 9 7
u 0.98 754 659 6 6
T 0.99 665 659 7 9
H 1.0 363 659 7 8
h 0.99 396 659 6 9
h 1.0 418 659 6 8
n 0.99 650 659 7 7
g 0.99 658 659 6 9
l 0.57 369 660 2 7
t 0.98 390 660 5 8
p 0.99 380 661 6 9
n 0.98 411 661 5 6
h 0.99 727 673 6 9
T 0.99 780 673 9 9
V 1.0 637 674 6 8
h 0.99 652 674 6 8
i 0.97 657 674 5 8
Y 0.96 681 674 7 7
n 0.99 718 675 8 7
E 0.99 706 675 6 7
g 0.99 770 675 6 9
n 0.99 800 675 6 7
h 0.99 400 675 7 9
i 0.53 447 675 3 9
T 0.98 458 675 8 7
h 0.99 466 675 6 9
h 1.0 488 675 6 9
h 0.99 507 675 6 9
S 1.0 525 675 8 10
y 1.0 647 675 7 10
Y 0.98 678 675 7 9
n 0.99 762 675 6 7
h 0.99 352 676 6 8
L 0.97 434 676 6 8
P 0.98 345 676 5 8
n 0.99 541 677 5 7
u 0.86 355 677 7 7
T 0.98 392 677 8 9
i 0.68 448 677 5 7
n 0.99 481 677 7 7
n 0.99 415 677 7 7
g 0.99 422 677 7 9
P 0.99 500 677 6 10
9 0.95 548 677 6 10
  0.64 429 678 6 6
u 0.97 359 678 7 6
n 0.98 374 678 7 6
g 1.0 381 678 7 8
k 0.86 699 690 7 9
T 1.0 636 690 8 8
h 1.0 672 690 8 8
a 0.99 680 690 7 8
q 0.99 704 690 7 9
  0.96 659 691 6 7
T 0.7 663 691 7 8
r 0.59 667 691 4 7
N 0.93 695 691 6 7
h 0.98 420 691 6 9
n 0.84 647 691 3 8
h 0.87 653 691 7 7
r 0.54 648 692 4 7
n 0.99 733 692 6 6
c 0.85 747 692 7 7
c 1.0 344 692 8 9
l 0.9 416 692 5 9
n 0.97 650 692 6 7
r 0.74 442 693 3 7
u 0.99 711 693 5 5
y 0.99 718 693 7 7
V 0.88 445 693 4 7
n 0.99 393 693 8 8
h 0.95 402 693 6 8
g 0.98 450 694 7 9
  0.94 406 694 7 7
y 0.87 465 694 7 9
  0.67 487 694 7 7
n 0.99 361 694 6 7
u 0.78 458 694 6 7
n 0.98 480 694 6 6
g 0.99 368 695 6 8
  0.97 376 695 6 9
g 0.73 398 709 6 4
n 0.81 360 709 6 4
r 0.51 405 709 6 3
U 0.99 126 847 10 9
Y 0.99 140 847 9 9
D 0.97 153 847 9 9
c 1.0 172 847 9 8
T 1.0 206 847 9 9
L 1.0 108 847 8 9
B 1.0 185 847 8 8
v 0.99 121 864 10 9
h 0.97 221 864 6 6
b 0.99 326 864 7 9
h 0.97 364 864 6 9
h 0.99 387 864 7 10
h 0.96 512 864 5 10
h 0.71 277 865 5 8
h 0.73 495 865 6 9
h 0.98 589 865 6 9
h 0.93 660 865 6 9
k 0.93 504 865 7 9
u 0.51 285 866 4 7
x 0.97 329 866 6 8
1 0.85 501 866 6 8
  0.84 599 866 5 8
a 0.8 375 866 6 7
t 0.79 521 866 5 8
o 0.83 149 867 6 6
n 0.93 156 867 6 6
n 0.66 162 867 6 3
u 0.72 176 867 7 6
u 0.95 238 867 7 6
  0.56 329 867 4 3
v 0.64 594 867 4 7
g 1.0 163 867 7 8
u 0.56 203 867 6 7
p 0.99 214 867 7 8
m 0.93 249 867 10 6
u 0.87 258 867 8 6
n 0.97 287 867 8 6
g 0.81 295 867 7 9
n 0.98 305 867 7 6
t 0.51 321 867 3 7
r 0.6 373 867 5 7
c 0.81 378 867 5 7
n 0.98 403 867 7 7
c 0.81 441 867 6 7
g 0.97 194 867 6 8
i 0.52 229 867 4 7
  0.52 299 867 5 7
v 0.91 395 867 3 7
  0.78 408 867 4 7
n 0.93 426 867 6 7
t 0.71 436 867 4 7
n 0.92 446 867 8 7
r 0.78 465 867 6 7
n 0.7 488 867 7 7
m 0.97 525 867 9 7
n 0.62 541 867 6 7
n 0.95 575 867 7 7
t 0.93 582 867 6 7
a 0.62 460 868 5 6
n 0.95 478 868 7 6
u 0.56 491 868 7 6
5 0.87 551 868 5 8
n 0.91 616 868 7 6
v 0.98 630 868 8 6
  0.69 703 868 5 8
u 0.65 538 868 6 6
  0.58 627 868 5 6
n 0.83 653 868 6 6
m 0.93 676 868 8 6
y 0.87 692 869 7 8
N 1.0 121 882 9 9
k 0.98 289 882 6 9
h 0.8 164 882 5 9
b 0.99 225 882 7 9
w 0.78 236 882 5 9
h 0.99 248 882 7 9
u 0.68 438 882 7 9
h 0.97 493 882 6 10
i 0.87 498 882 6 9
S 0.67 569 882 7 10
h 0.98 620 882 8 10
l 0.62 274 883 5 8
k 0.97 486 883 6 9
d 0.93 489 883 7 9
h 0.99 513 883 6 9
h 0.98 577 883 7 9
l 0.58 606 883 5 8
d 0.7 272 883 5 8
h 0.94 537 883 6 9
l 0.89 574 883 7 9
6 0.63 285 883 3 8
r 0.64 304 884 4 7
h 0.96 802 884 6 9
1 0.6 826 884 3 10
t 0.56 524 884 3 8
h 0.91 608 884 5 8
d 0.88 656 884 6 8
r 0.59 183 884 5 7
h 0.97 430 884 6 9
r 0.66 146 885 6 6
n 0.88 136 885 6 6
c 0.98 158 885 5 6
I 0.79 213 885 5 6
x 0.98 240 885 5 6
k 0.95 269 885 6 7
o 0.88 351 885 7 7
u 0.61 360 885 6 6
w 0.88 402 885 6 7
T 0.83 417 885 6 7
n 0.92 454 885 9 7
l 0.7 660 885 4 7
m 0.73 185 885 7 6
e 0.61 202 885 6 6
a 0.52 211 885 5 6
p 0.99 262 885 7 9
m 0.93 305 885 10 6
i 0.95 325 885 5 6
n 0.92 338 885 6 6
u 0.63 378 885 6 6
n 0.83 389 885 8 6
n 0.94 411 885 7 6
y 0.9 476 885 8 8
y 0.95 515 885 6 7
n 0.93 526 885 6 7
n 0.96 549 885 6 7
c 0.74 654 885 5 7
g 0.96 344 885 7 9
p 0.99 423 885 6 9
m 0.96 441 885 11 6
g 0.92 463 885 6 9
n 0.98 506 885 7 7
  0.83 557 885 7 9
p 0.69 592 885 6 7
e 0.87 599 885 7 8
r 0.64 649 885 4 8
t 0.72 729 885 6 8
p 0.98 589 886 7 9
g 0.98 751 886 7 9
r 0.58 642 886 4 6
m 0.95 677 886 9 6
y 0.87 693 886 8 9
r 0.79 733 886 5 6
n 0.81 744 886 7 6
m 0.84 766 886 4 7
u 0.57 770 886 7 7
g 0.98 792 886 6 10
g 0.97 851 886 6 10
n 0.98 708 886 6 6
p 1.0 814 887 8 9
n 0.98 844 887 6 6
q 1.0 878 887 6 9
u 0.98 885 887 5 7
n 0.93 897 887 7 7
h 0.97 145 899 6 9
i 0.89 167 900 6 8
h 0.99 375 900 6 7
h 0.94 434 900 7 7
h 0.61 560 900 5 6
h 0.97 411 901 6 6
  0.92 445 901 6 9
K 0.93 466 901 8 6
k 0.84 553 901 7 9
h 0.95 599 901 7 6
c 0.91 416 901 6 8
h 0.98 477 901 6 9
h 0.91 561 901 7 9
h 0.98 579 901 7 9
k 0.96 729 901 6 10
l 0.87 735 901 3 10
u 0.53 392 901 5 8
h 0.99 688 901 6 6
h 0.58 736 901 6 6
h 0.99 762 901 6 10
a 0.95 472 901 7 9
c 0.61 128 902 6 6
r 0.52 304 902 4 6
h 0.98 437 902 6 8
k 0.7 575 902 4 8
u 0.9 114 902 7 5
n 0.92 137 902 7 5
n 0.95 181 902 6 5
v 0.85 188 902 5 6
n 0.82 191 902 6 5
g 0.86 199 902 6 7
a 0.68 224 902 5 7
q 0.95 238 902 7 9
a 0.94 251 902 5 7
v 0.67 268 902 8 5
  0.85 279 902 7 6
u 0.51 529 902 6 8
d 0.79 609 902 6 8
u 0.89 691 902 5 8
v 0.75 210 902 7 5
l 0.93 241 902 6 9
u 0.98 247 902 6 6
r 0.56 296 902 5 6
m 0.73 298 902 8 5
B 0.86 319 902 6 9
a 0.83 333 902 6 8
u 0.87 358 902 8 5
u 0.88 382 902 7 5
K 0.62 468 902 7 8
n 0.62 537 902 6 8
i 0.74 750 902 4 8
  0.9 266 903 7 7
n 0.73 314 903 7 5
  0.7 366 903 5 6
a 0.93 408 903 5 7
p 0.83 428 903 6 8
p 0.97 449 903 5 8
n 0.85 488 903 7 4
o 0.57 495 903 7 4
t 0.65 687 903 4 7
c 0.69 369 903 6 6
n 0.93 395 903 6 6
  0.91 493 903 6 7
n 0.74 512 903 7 4
a 0.9 576 903 6 7
i 0.58 696 903 4 8
m 0.82 702 903 7 7
d 0.79 522 903 6 9
g 0.85 543 903 7 7
i 0.94 602 903 6 7
1 0.77 738 903 3 8
5 0.69 500 904 5 6
g 0.82 649 904 5 7
  0.52 655 904 5 8
n 0.56 681 904 7 3
o 0.91 742 904 7 7
m 0.92 630 904 6 6
n 0.76 640 904 8 6
x 0.85 647 904 5 6
s 0.63 660 904 5 7
p 0.98 682 904 7 9
a 0.76 693 904 5 7
  0.85 707 904 8 6
T 0.62 725 904 5 7
s 0.94 756 904 5 7
a 0.58 663 904 5 7
m 0.96 714 904 5 6
n 0.74 671 904 6 7
p 0.98 776 905 6 8
k 0.98 229 917 6 9
T 0.99 121 917 7 9
F 0.71 226 917 5 9
h 0.58 323 917 4 9
a 0.9 297 918 7 8
n 0.65 336 918 5 8
n 0.64 266 918 5 8
M 0.73 479 918 3 10
i 0.6 274 918 5 8
i 0.75 383 918 5 8
d 0.66 496 918 5 10
h 0.58 624 918 4 10
0 0.86 704 918 7 10
  0.64 709 918 4 10
w 0.92 596 919 6 8
c 0.77 132 919 6 7
u 0.74 249 919 5 7
h 0.55 264 919 5 7
d 0.65 438 919 6 9
L 0.76 473 919 5 8
h 0.96 593 919 6 8
r 0.97 128 919 5 7
g 0.96 147 919 7 9
v 0.99 156 919 7 9
n 0.94 168 919 8 6
n 0.77 174 919 6 6
  0.75 184 919 6 6
e 0.89 207 919 6 7
y 0.91 218 919 6 8
O 0.57 269 919 4 7
y 0.67 271 919 6 7
o 0.67 500 919 7 8
s 0.72 534 919 4 8
d 0.73 628 919 5 8
n 0.8 637 919 5 8
w 0.98 158 920 7 5
7 0.85 193 920 7 8
r 0.63 251 920 6 6
  0.55 254 920 6 6
a 0.57 301 920 4 6
i 0.74 327 920 3 6
n 0.59 346 920 5 6
n 0.89 348 920 6 6
  0.59 393 920 5 6
r 0.74 304 920 4 6
m 0.7 320 920 6 6
a 0.73 328 920 6 6
u 0.76 339 920 6 6
m 0.7 352 920 3 6
n 0.6 375 920 6 7
u 0.79 389 920 5 7
n 0.94 399 920 4 6
p 0.88 425 920 5 8
m 0.89 402 920 7 7
i 0.65 616 920 4 8
l 0.62 622 920 4 8
i 0.6 626 920 3 8
h 0.9 698 920 6 8
n 0.94 315 920 6 6
  0.75 372 920 6 8
y 0.69 413 920 7 8
l 0.97 420 920 6 9
h 0.88 432 920 6 8
s 0.87 452 920 6 7
u 0.84 463 920 7 7
u 0.89 565 920 5 8
d 0.55 570 920 4 8
  0.73 578 920 6 8
T 0.87 583 920 5 8
c 0.79 606 920 5 8
L 0.77 618 920 5 8
h 0.99 810 920 7 9
h 0.99 877 920 6 10
  0.72 367 921 5 7
u 0.61 461 921 5 6
h 0.52 521 921 4 7
u 0.57 544 921 5 6
u 0.77 547 921 6 7
w 0.54 564 921 3 7
g 0.54 642 921 5 7
x 0.93 558 921 6 7
u 0.94 567 921 6 7
m 0.65 678 921 4 7
  0.76 692 921 6 7
e 0.65 658 921 5 7
  0.52 730 921 5 7
c 0.76 689 922 5 6
r 0.97 719 922 4 6
Q 0.57 768 922 6 7
n 0.77 786 922 6 8
r 0.64 781 923 4 6
o 0.73 823 923 6 6
e 0.98 817 923 7 6
q 0.98 833 923 6 9
u 0.98 840 924 7 5
y 0.99 846 924 7 8
n 0.99 861 924 6 6
n 0.99 869 924 7 6
i 0.77 235 934 5 8
T 0.91 133 934 8 9
a 0.98 248 934 7 10
  0.51 361 934 4 9
T 0.88 129 934 8 9
s 1.0 243 934 7 10
J 0.76 208 935 5 8
d 0.66 365 935 4 9
u 0.89 197 935 6 8
p 0.54 334 935 4 9
j 0.63 448 935 6 9
  0.81 541 935 5 9
n 0.62 222 936 4 7
  0.83 547 936 7 8
h 0.87 213 936 6 7
i 0.61 322 936 3 8
i 0.65 371 936 3 8
n 0.96 551 936 7 9
i 0.63 591 936 4 9
a 0.51 115 936 5 7
u 0.95 166 936 7 9
b 0.97 190 936 9 7
s 0.51 312 936 5 9
k 0.9 392 936 5 8
h 0.94 438 936 7 8
t 0.67 594 936 5 9
h 0.86 685 936 5 9
g 0.89 157 937 7 6
n 0.81 227 937 6 6
  0.74 238 937 3 6
s 0.87 264 937 8 7
a 0.95 300 937 6 9
n 0.81 407 937 6 7
t 0.55 592 937 5 8
k 0.96 677 937 6 8
r 0.54 137 937 5 6
u 0.83 142 937 6 6
n 0.9 148 937 6 6
g 0.97 155 937 6 8
T 0.93 181 937 8 6
i 0.63 275 937 4 7
u 0.62 597 937 4 8
u 0.59 113 937 4 6
O 0.72 205 937 5 6
g 0.68 288 937 4 7
v 0.77 328 937 6 7
w 0.56 380 937 4 7
u 0.76 382 937 4 7
n 0.79 463 937 4 8
k 0.91 532 937 6 8
a 0.93 573 937 6 8
b 0.88 584 937 5 8
  0.81 336 938 5 8
v 0.93 343 938 7 6
o 0.89 349 938 7 6
v 0.72 411 938 4 6
v 0.95 422 938 6 6
o 0.93 428 938 7 6
p 0.98 453 938 5 8
u 0.97 474 938 7 8
v 0.64 506 938 5 7
v 0.89 513 938 7 7
n 0.87 518 938 6 7
t 0.82 570 938 6 7
h 0.92 586 938 6 7
u 0.62 619 938 6 7
i 0.79 638 938 6 7
  0.58 413 938 5 6
w 0.86 465 938 6 7
  0.97 484 938 7 8
  0.66 501 938 6 6
1 0.9 527 938 7 7
i 0.61 615 938 6 7
g 0.58 469 938 5 8
a 0.62 555 938 5 6
n 0.52 653 938 5 7
g 0.98 560 938 7 9
n 0.79 698 938 6 7
t 0.92 712 939 7 9
n 0.69 655 939 6 6
g 0.98 704 939 6 7
y 0.91 729 939 6 9
O 0.94 753 939 7 7
c 0.94 760 939 6 7
r 0.63 718 940 5 6
x 0.97 739 940 6 6
p 0.99 787 940 7 8
m 0.84 771 940 8 6
m 0.99 798 940 10 6
h 0.87 140 951 6 9
N 1.0 107 951 8 9
1 0.98 181 951 5 9
  0.96 279 951 6 9
i 0.9 190 952 6 8
  0.89 282 952 6 8
T 1.0 403 952 10 10
v 0.68 206 952 3 8
i 0.54 165 953 3 7
  0.96 465 953 6 8
h 0.98 517 953 6 9
h 0.98 271 953 6 9
h 0.97 462 953 6 8
k 0.96 510 953 6 9
h 0.91 536 953 5 9
h 0.99 545 953 7 9
g 0.5 566 953 4 9
s 0.99 575 953 7 9
i 0.92 125 954 7 6
n 0.89 227 954 6 6
v 0.88 235 954 7 8
  0.94 311 954 6 7
d 0.78 435 954 7 8
i 0.81 532 954 5 8
J 0.53 541 954 6 8
p 0.99 133 954 6 8
  0.98 172 954 6 6
y 0.99 248 954 8 9
g 0.97 262 954 6 6
a 0.9 301 954 5 7
u 0.96 122 954 7 6
F 0.93 138 954 6 8
X 0.52 231 954 4 6
n 0.93 419 954 7 8
1 0.61 432 954 5 8
h 0.99 717 954 6 8
w 0.85 215 954 6 6
z 0.65 297 954 4 7
u 0.85 341 954 6 7
l 0.71 438 954 6 8
1 0.53 630 954 4 8
n 0.81 365 955 7 6
g 0.97 372 955 7 8
g 0.88 382 955 7 8
l 0.76 513 955 6 7
v 0.92 334 955 6 5
g 0.98 566 955 7 10
h 0.99 746 955 7 9
g 0.98 426 955 6 8
u 0.87 446 955 4 7
c 0.96 500 955 6 7
c 0.98 456 956 5 6
m 0.97 477 956 7 6
  0.8 481 956 8 5
s 0.99 488 956 5 6
c 1.0 529 956 6 6
v 0.89 595 956 7 6
g 0.97 618 956 7 9
8 0.89 624 956 6 6
  0.81 632 956 5 8
d 0.83 782 956 5 8
r 0.82 474 956 5 5
n 0.99 559 956 6 6
m 0.92 589 956 9 6
  0.59 765 956 6 8
T 0.99 827 956 8 9
n 0.63 611 956 6 6
n 0.95 730 957 6 6
9 0.93 743 957 6 7
n 0.96 756 957 6 8
m 0.94 758 957 9 6
v 0.99 863 957 10 8
n 0.99 710 957 7 5
p 0.98 740 957 6 8
i 0.9 803 957 3 8
W 0.62 736 957 4 7
a 0.94 807 957 3 8
t 0.69 882 958 5 7
c 0.99 798 958 5 6
n 0.87 817 959 7 6
n 0.99 846 959 6 6
g 0.99 853 959 6 8
h 1.0 114 969 6 9
i 0.9 152 969 5 9
a 0.54 183 969 6 9
i 0.99 269 969 6 9
  0.67 210 970 4 8
l 0.7 238 970 3 9
u 0.96 272 970 5 9
n 0.95 213 970 6 8
  0.83 318 971 7 8
  0.94 130 971 6 7
6 0.9 165 971 8 7
n 0.98 107 972 6 6
n 0.97 126 972 7 6
p 1.0 136 972 7 8
h 0.98 143 972 6 8
m 0.93 154 972 6 6
n 0.92 158 972 6 6
u 0.97 203 972 5 6
n 0.66 233 972 5 6
N 0.96 248 972 6 6
  0.97 256 972 6 6
a 0.81 286 972 7 7
t 0.67 296 972 5 7
  0.89 311 972 5 6
c 0.75 224 972 4 6
m 0.77 227 972 5 6
u 0.61 134 986 5 9
C 0.99 120 986 8 9
b 0.76 276 986 4 10
j 0.99 283 987 7 8
l 0.67 335 987 3 9
1 0.6 331 987 6 9
1 0.6 272 987 3 8
u 0.66 136 988 5 7
c 0.97 324 988 7 8
d 0.96 472 988 7 9
a 0.6 228 988 4 8
r 0.64 237 988 3 8
s 0.86 420 988 6 9
b 0.96 579 988 6 9
N 0.99 662 988 8 10
h 0.97 671 988 7 10
h 0.99 609 989 6 8
  0.5 656 989 4 8
k 0.98 722 989 6 9
l 0.86 728 989 4 9
i 0.88 175 989 4 6
h 0.92 185 989 6 6
n 0.81 194 989 7 7
h 0.52 223 989 5 6
6 0.92 260 989 6 7
a 0.9 584 989 5 8
u 0.58 205 989 5 6
u 0.83 209 989 6 6
a 0.78 217 989 5 6
n 0.93 238 989 5 6
0 0.92 315 989 5 8
4 0.96 248 989 6 8
i 0.57 321 989 4 8
u 0.51 482 989 6 8
h 0.99 798 989 6 9
c 0.87 353 990 5 7
c 0.85 376 990 5 6
n 0.97 388 990 7 6
g 0.92 395 990 7 9
t 0.66 401 990 6 7
m 0.65 439 990 6 7
1 0.59 511 990 3 7
t 0.58 525 990 4 7
i 0.78 732 990 3 8
b 0.88 862 990 6 9
a 0.68 433 990 7 7
a 0.92 612 990 6 7
  0.54 667 990 5 7
  0.92 465 990 6 10
a 0.91 494 990 6 7
c 0.9 502 990 5 7
c 0.95 541 990 7 7
v 0.96 558 990 4 7
i 0.92 701 990 5 7
g 0.71 462 991 7 8
n 0.9 485 991 6 6
c 0.96 569 991 6 6
n 0.99 621 991 6 6
n 0.82 743 991 6 7
n 0.58 452 991 4 6
n 0.76 592 991 6 6
  0.73 654 991 4 6
n 0.89 686 991 6 6
n 0.96 602 991 6 6
v 0.98 632 991 7 6
n 0.98 648 991 6 6
v 0.95 695 991 6 7
n 0.98 712 992 6 6
g 0.96 749 992 7 8
a 0.82 889 992 4 8
p 1.0 791 992 6 8
c 0.62 781 992 6 7
a 0.73 840 992 4 7
p 0.99 810 992 6 8
m 0.98 821 992 8 7
u 0.93 831 992 6 7
a 0.56 837 992 5 7
n 0.97 874 992 7 7
r 0.95 168 1004 5 9
h 0.56 157 1005 5 9
k 0.97 380 1005 6 9
i 0.59 387 1005 3 9
h 0.99 487 1005 7 9
l 0.9 609 1005 5 9
k 0.98 613 1005 6 9
  0.92 734 1005 6 9
r 0.79 231 1006 4 8
w 0.6 233 1006 4 8
n 0.54 290 1006 3 8
h 0.91 371 1006 5 8
N 1.0 478 1006 8 8
h 0.95 658 1006 6 9
c 0.98 106 1006 6 7
c 0.87 118 1006 6 7
s 0.8 128 1006 4 7
h 0.67 221 1006 5 9
e 0.53 249 1006 6 8
r 0.64 291 1006 4 8
h 0.96 722 1006 7 9
  0.94 194 1006 5 7
p 0.98 149 1007 6 8
k 0.96 159 1007 6 8
u 0.92 182 1007 7 6
c 0.77 204 1007 5 6
2 0.93 208 1007 6 6
m 0.68 237 1007 6 7
r 0.98 271 1007 5 7
a 0.82 218 1007 6 8
a 0.67 225 1007 4 6
m 0.9 244 1007 7 6
  0.98 253 1007 6 9
n 0.69 274 1007 5 7
  0.8 283 1007 7 7
n 0.74 454 1007 5 7
t 0.92 626 1007 6 8
1 0.95 281 1007 5 7
v 0.96 303 1007 7 7
i 0.54 319 1007 6 9
c 0.87 363 1007 7 7
c 0.76 429 1007 5 8
e 0.98 664 1007 7 8
m 0.9 327 1008 9 6
c 0.97 343 1008 6 6
m 0.96 398 1008 9 6
n 0.57 445 1008 6 7
  0.79 468 1008 6 6
a 0.81 524 1008 6 7
n 0.72 527 1008 5 6
u 0.53 541 1008 5 6
  0.55 678 1008 4 7
r 0.63 397 1008 4 6
n 0.93 464 1008 6 6
l 0.92 560 1008 4 6
m 0.91 572 1008 8 7
y 0.97 619 1008 7 9
  0.96 726 1008 6 7
v 0.94 510 1008 6 6
v 0.95 538 1008 5 6
p 0.99 552 1008 5 9
u 0.93 634 1008 6 7
Q 0.88 671 1008 6 7
q 0.97 681 1008 7 9
  0.71 700 1008 6 9
v 0.64 685 1009 5 8
u 0.61 688 1009 5 6
r 0.88 690 1009 6 7
y 0.68 694 1009 6 9
n 0.97 715 1009 7 6
N 1.0 124 1029 9 9
  0.69 130 1029 8 9
P 0.99 137 1029 7 9
M 1.0 167 1029 10 10
H 1.0 145 1029 8 9
  0.94 178 1045 11 11
D 0.98 164 1046 12 10
S 1.0 393 1047 7 10
G 0.99 475 1048 9 10
P 0.97 311 1048 6 8
c 0.91 357 1048 7 9
M 0.99 400 1048 10 9
5 0.88 440 1048 7 9
A 0.88 417 1048 9 9
G 0.89 448 1048 8 10
K 0.99 466 1048 7 9
X 1.0 485 1048 10 9
X 0.99 495 1048 9 10
v 0.99 503 1048 10 9
l 0.72 409 1048 2 9
z 0.9 456 1048 8 9
o 0.75 499 1048 9 10
  0.76 512 1048 9 10
o 0.97 366 1049 8 8
l 0.8 520 1049 6 9
t 0.93 349 1049 5 8
c 0.98 343 1050 6 7
  0.62 352 1050 5 7
e 0.97 378 1050 7 7
r 0.98 319 1050 4 6
o 0.78 323 1050 5 6
m 0.98 527 1050 8 8
e 0.99 536 1051 8 7
N 0.99 106 1068 9 9
N 1.0 397 1070 8 9
g 0.98 116 1071 6 9
o 0.8 154 1071 6 6
h 0.99 693 1071 6 9
r 0.5 126 1071 4 6
h 0.99 748 1071 6 9
T 0.99 685 1072 8 8
h 0.98 772 1072 6 8
g 0.97 406 1073 6 8
8 0.99 434 1073 6 9
o 0.82 450 1073 7 6
g 0.99 714 1074 7 8
n 0.96 730 1074 7 6
n 0.99 741 1074 6 6
n 0.98 761 1074 6 6
n 0.89 784 1074 6 6
g 0.99 792 1074 6 9
N 1.0 685 1088 8 10
h 0.84 731 1088 5 9
l 0.96 789 1089 3 8
l 0.76 801 1089 3 8
G 0.92 757 1089 10 8
d 0.82 784 1090 7 8
g 0.98 695 1090 6 9
T 0.65 719 1090 5 7
n 0.92 743 1091 6 7
e 0.97 768 1091 5 7
n 0.91 723 1092 7 6
n 0.96 773 1092 7 6
h 0.97 730 1111 6 8
K 1.0 690 1111 8 9
h 0.99 759 1111 6 9
n 0.62 702 1112 8 9
n 0.94 787 1114 6 6
g 0.99 723 1114 7 8
r 0.98 745 1114 4 6
y 0.89 698 1114 7 8
p 0.98 766 1114 6 8
  0.97 113 1118 17 14
  0.62 136 1123 15 21
  0.99 140 1125 21 23
x 0.85 707 1141 15 14
  0.97 722 1143 19 24
w 0.66 720 1143 12 12
  0.66 744 1152 13 18
e 0.52 680 1171 12 14
b 0.97 679 1172 15 25
  0.8 181 1172 16 14
v 0.99 733 1173 11 12
a 0.96 171 1174 12 10
  0.91 783 1175 12 25
S 0.7 787 1176 9 9
  0.89 114 1179 19 23
  0.68 134 1180 19 12
v 0.84 144 1181 13 9
w 0.82 689 1182 16 14
c 0.73 701 1184 12 12
w 0.58 743 1186 7 10
e 0.82 805 1186 16 11
  0.84 816 1187 12 14
  0.74 768 1187 8 13
9 0.8 755 1187 8 11
m 0.97 749 1188 9 6
  0.61 824 1193 19 22
  0.58 760 71 7 12
  0.62 429 163 7 8
3 0.98 279 165 6 8
2 0.99 267 165 6 8
0 1.0 815 185 7 9
2 1.0 830 185 7 9
3 0.98 837 185 8 9
1 0.99 850 185 6 9
  0.99 858 185 6 9
4 0.99 865 185 7 9
0 0.94 880 185 7 9
0 1.0 903 185 6 9
9 1.0 808 186 6 8
6 0.97 823 186 6 8
1 0.98 873 186 6 8
8 0.97 888 186 5 8
1 0.96 800 186 6 8
0 0.95 285 191 7 9
  1.0 298 191 8 9
0 0.97 276 191 6 9
9 1.0 188 192 7 8
6 1.0 204 192 6 8
2 1.0 211 192 7 8
3 1.0 219 192 6 8
1 1.0 231 192 5 8
4 0.99 246 192 7 8
0 0.99 261 192 6 8
8 0.99 268 192 6 8
0 1.0 196 192 7 9
3 1.0 238 192 7 9
1 0.99 253 192 6 8
1 0.96 181 192 5 9
0 0.99 861 208 7 9
2 1.0 880 208 6 9
0 0.99 888 208 6 9
1 1.0 896 208 6 9
9 1.0 903 208 6 9
8 1.0 849 209 7 8
7 0.99 869 209 5 8
  0.98 268 214 7 10
2 1.0 239 214 6 10
0 0.94 246 214 6 10
9 1.0 262 214 6 9
  0.64 272 214 5 8
7 1.0 227 215 6 8
  0.81 234 215 3 9
0 1.0 219 215 7 9
1 0.99 254 215 5 8
0 0.96 200 216 7 8
8 0.99 208 216 6 8
0 0.72 506 243 5 7
9 0.96 873 274 5 8
2 0.98 880 274 5 8
0 0.98 885 274 6 8
2 0.95 840 274 6 8
4 0.98 849 274 6 8
2 0.99 757 275 5 8
2 1.0 727 275 6 8
4 1.0 740 275 6 8
7 0.99 750 275 5 8
2 1.0 733 276 6 7
0 0.99 533 277 5 8
0 0.92 526 277 7 8
2 0.99 496 277 6 8
7 0.99 510 277 5 8
2 0.99 519 277 6 8
4 1.0 503 278 6 7
2 1.0 486 278 7 8
0 1.0 297 290 7 8
1 1.0 290 290 6 8
1 0.84 215 290 5 8
3 1.0 277 314 6 9
5 1.0 285 314 7 9
8 0.99 325 314 6 9
  0.72 266 315 4 4
6 1.0 226 315 6 9
1 0.98 266 315 6 8
1 0.77 215 316 6 8
3 0.85 269 341 8 9
5 0.99 257 341 8 9
  0.87 248 341 6 9
0 0.87 252 341 7 9
0 0.99 904 400 7 9
  0.65 914 400 6 7
7 1.0 881 400 6 9
8 0.94 898 400 5 9
6 0.99 868 401 6 8
1 1.0 875 401 3 8
  0.62 895 456 3 8
2 1.0 858 456 6 8
2 1.0 869 456 5 8
4 1.0 875 456 6 8
7 1.0 882 456 5 9
2 1.0 892 456 6 9
0 1.0 898 456 7 9
0 1.0 905 456 6 9
  0.63 616 458 7 8
0 0.88 906 481 5 7
1 0.99 916 507 4 7
2 1.0 869 508 6 8
2 1.0 898 508 6 8
2 1.0 876 508 6 8
4 0.98 882 508 6 8
0 0.99 900 543 9 12
1 1.0 860 543 6 14
2 1.0 887 543 10 12
2 1.0 821 544 11 11
9 1.0 876 544 10 14
7 1.0 848 544 10 14
4 1.0 836 544 10 14
0 0.85 432 621 6 6
  0.57 676 642 4 7
2 1.0 701 656 7 9
1 0.99 777 657 5 8
2 1.0 344 659 7 9
8 0.98 352 659 7 9
0 0.71 644 675 6 7
1 0.97 394 676 4 8
0 0.99 353 692 7 9
1 0.77 413 693 3 8
  0.79 382 693 7 8
8 0.99 394 708 7 10
  1.0 418 708 7 10
  0.94 422 708 6 10
9 0.96 354 709 5 9
2 0.99 366 709 7 9
1 1.0 375 709 7 9
8 0.99 384 709 6 9
9 0.99 413 709 6 9
  0.98 431 709 6 9
0 0.92 346 709 6 9
0 0.99 357 709 7 9
  0.75 368 709 6 4
  0.72 374 709 5 4
4 0.6 403 709 5 9
6 0.99 405 709 6 9
5 0.96 409 709 7 9
8 0.76 399 709 7 9
  0.73 193 847 5 9
  0.98 345 864 5 6
1 0.91 109 865 3 8
1 0.73 183 867 6 6
  0.62 273 867 4 6
  0.95 315 867 5 7
0 0.69 265 867 7 6
  0.73 536 867 5 7
  0.87 545 867 5 7
  0.67 472 867 4 7
  0.68 621 867 6 7
0 0.76 643 867 5 7
8 0.53 602 868 6 7
  0.81 648 868 5 6
2 1.0 108 882 5 9
  0.74 178 884 4 7
1 0.69 637 884 5 8
5 0.57 197 885 5 6
1 0.71 330 885 4 6
  0.61 190 885 4 6
  0.86 334 885 4 6
  0.9 367 885 4 7
  0.74 371 885 4 7
1 0.55 640 885 4 7
  0.67 761 885 5 7
  0.6 395 885 3 6
0 0.81 406 885 5 6
  0.86 469 885 6 7
0 0.77 738 886 6 6
  0.66 781 886 4 6
1 0.96 787 887 4 6
0 0.98 858 887 6 7
8 0.97 864 887 5 7
  0.96 157 901 3 7
  0.83 345 901 4 5
  0.86 461 901 5 6
  0.63 125 901 3 7
  0.94 216 902 6 6
  0.65 226 902 6 8
  0.56 342 902 3 6
1 0.75 344 902 3 6
1 0.59 347 902 4 7
  0.73 405 902 7 5
  0.52 568 902 4 7
  0.69 207 902 5 7
  0.57 221 902 5 6
  0.57 400 902 4 8
  0.51 457 903 2 5
  0.61 637 904 6 6
  0.75 719 904 6 6
3 1.0 107 917 6 8
  0.76 197 918 6 7
  0.58 205 918 6 7
7 0.54 190 918 4 8
  0.55 445 918 5 9
0 0.67 165 919 7 6
  0.83 492 919 4 8
  0.63 525 920 3 7
  0.63 537 920 4 8
1 0.69 509 921 7 6
  0.76 551 921 4 6
  0.82 807 921 3 8
  0.68 728 922 4 6
1 0.99 857 922 4 7
1 0.6 761 922 4 6
1 0.6 271 936 5 7
1 0.94 256 936 6 8
  0.81 216 937 5 6
  0.59 250 937 5 6
  0.5 277 937 6 7
  0.52 236 937 3 6
  0.95 253 937 6 6
1 0.73 292 937 5 6
  0.57 310 937 4 6
  0.8 315 937 4 6
1 0.64 281 937 5 6
  0.64 472 937 5 9
  0.77 630 938 4 7
1 0.52 629 938 3 7
  0.59 588 947 10 7
  0.52 598 947 10 7
  0.58 384 950 8 50
  0.6 378 951 9 48
  0.55 502 952 9 47
  0.71 152 952 4 8
5 0.91 659 954 6 8
  0.91 673 954 6 8
8 0.93 636 954 5 8
0 0.87 649 954 6 8
0 0.84 642 954 6 8
  0.74 654 954 5 8
8 0.98 666 954 7 9
8 0.98 683 954 6 9
9 0.99 696 954 7 8
  0.89 703 955 5 8
2 0.75 582 956 7 6
  0.8 605 956 6 6
  0.58 685 957 6 11
  0.51 468 960 28 21
  0.62 581 961 28 20
  0.57 701 963 14 22
  0.54 690 965 34 22
  0.57 603 965 31 20
5 0.98 170 970 7 8
1 0.95 180 970 6 8
5 0.68 283 972 7 7
4 1.0 107 986 6 9
1 0.89 170 987 4 8
  0.94 534 990 4 7
5 0.85 444 990 5 7
0 0.75 515 990 5 7
3 0.53 548 990 5 7
  0.74 449 990 5 7
1 0.69 456 990 5 7
  0.65 778 991 4 7
  0.52 150 1005 4 8
1 0.8 266 1006 4 8
1 0.74 268 1006 5 8
1 0.53 145 1006 6 7
  0.87 133 1006 5 7
  0.54 135 1007 4 6
1 0.86 140 1007 5 6
  0.57 181 1007 3 6
  0.68 425 1007 4 7
  0.58 580 1007 5 7
  0.8 646 1008 4 7
  0.91 654 1008 3 7
  0.65 500 1008 6 6
  0.55 565 1008 4 7
  0.73 568 1008 5 6
  0.97 230 1046 7 10
8 1.0 190 1046 6 10
4 1.0 197 1046 7 10
7 1.0 205 1046 6 10
9 1.0 213 1046 6 10
4 1.0 220 1046 7 10
3 1.0 235 1047 7 10
3 1.0 243 1047 7 10
2 1.0 258 1047 7 10
  0.9 266 1047 7 11
  0.76 251 1047 7 9
5 1.0 558 1048 6 10
  0.86 427 1048 5 9
5 0.58 564 1048 6 10
0 0.99 433 1048 7 9
  0.94 571 1048 6 10
5 1.0 577 1048 7 10
3 0.99 551 1049 6 9
3 1.0 584 1049 6 9
0 0.98 598 1049 6 9
9 0.99 625 1049 7 9
  0.96 592 1049 4 9
7 0.99 605 1049 6 9
  0.96 612 1049 6 9
5 0.98 618 1049 6 9
  0.8 634 1049 3 9
6 0.96 639 1049 6 9
  0.81 144 1070 4 7
  0.56 148 1071 5 6
8 0.98 812 1072 7 9
0 0.99 823 1072 6 9
0 0.98 805 1072 6 8
7 1.0 830 1072 6 8
2 1.0 840 1072 6 9
0 0.94 846 1072 7 9
  0.83 855 1072 5 8
9 0.98 861 1072 6 9
  0.79 873 1072 4 8
  0.62 882 1072 6 9
8 0.98 894 1072 7 9
  0.96 878 1072 6 9
4 0.99 889 1072 6 8
  0.61 704 1072 4 8
  0.65 445 1073 5 6
  0.53 768 1073 4 7
2 1.0 840 1089 6 8
  0.99 820 1089 6 9
2 1.0 826 1089 6 9
4 1.0 833 1089 6 9
7 1.0 847 1089 6 9
4 1.0 806 1089 6 9
  0.82 781 1090 3 8
  0.88 776 1112 4 8
2 0.88 728 1130 17 24
2 0.98 709 1131 17 21
\\ 0.6 872 30 7 18
\\ 0.92 157 63 13 19
= 0.92 807 69 20 13
^ 0.72 256 69 17 13
) 0.64 289 70 17 13
\\ 0.57 328 79 4 20
_ 0.78 866 79 18 20
\\ 0.88 491 161 5 11
\\ 0.75 552 162 3 10
? 0.63 567 164 8 6
: 0.53 722 189 3 6
# 0.97 155 193 7 8
; 0.64 146 195 3 6
/ 0.94 856 208 5 10
/ 0.94 876 208 4 10
: 0.72 722 212 4 6
/ 0.87 215 216 4 8
\\ 0.76 762 240 5 8
: 0.93 897 273 4 8
\\ 0.55 865 274 5 8
] 0.8 138 279 17 22
\\ 0.72 158 280 10 16
, 0.85 264 315 4 9
/ 0.87 157 317 13 21
@ 0.71 914 429 6 5
^ 0.61 868 545 8 10
+ 0.57 842 550 4 8
, 0.62 872 551 5 7
_ 0.59 928 551 10 8
) 0.63 716 672 4 10
% 0.55 206 885 6 6
\\ 0.54 530 885 4 8
^ 0.73 132 901 6 8
( 0.51 462 902 3 11
" 0.59 273 902 4 8
) 0.92 783 903 3 9
( 0.59 502 903 7 9
\\ 0.75 509 903 5 9
( 0.51 164 918 3 7
\\ 0.55 506 919 7 9
% 0.69 587 921 5 8
$ 0.78 653 922 3 6
" 0.62 415 936 5 9
, 0.72 525 938 5 8
@ 0.65 535 938 4 8
\\ 0.88 291 953 4 9
% 0.67 160 954 5 6
@ 0.51 295 954 4 8
\\ 0.53 681 954 4 8
% 0.82 691 954 5 9
/ 0.6 293 954 4 9
* 0.52 191 970 3 8
\\ 0.55 189 970 3 8
\\ 0.52 294 972 4 7
% 0.86 158 989 7 9
% 0.53 585 1005 9 12
! 0.5 126 1006 4 8
% 0.67 584 1008 5 7
$ 0.73 107 1029 6 9
) 0.68 653 1051 4 10
^ 0.81 818 1071 6 9
/ 0.9 836 1072 4 9
: 0.87 798 1074 3 7
? 0.6 725 1074 6 6
% 0.91 813 1089 7 9
) 0.97 854 1089 4 11
( 0.96 753 1090 4 9
& 0.97 709 1111 9 9
( 0.88 684 1112 4 9
) 0.98 794 1112 7 10
_ 0.78 112 1130 16 25
^ 0.69 734 1133 15 28
_ 0.91 87 1154 27 23
/ 0.92 157 1173 13 11
_ 0.69 734 1180 11 16
~ 0.89 746 1181 10 16
