Ế 0.99 306 29 19 32
Ù 0.63 926 31 12 34
ỳ 0.98 950 31 12 33
À 1.0 443 32 18 29
Ù 0.76 819 32 17 32
Ù 0.73 870 32 14 32
Ù 0.99 882 32 14 33
Ù 0.98 862 32 15 33
Ù 0.96 837 34 16 29
Ơ 0.47 641 35 16 26
ỵ 0.9 656 36 18 25
í 0.62 83 56 29 21
ý 1.0 751 75 11 16
ệ 1.0 781 75 9 14
ố 0.38 811 75 3 12
ủ 0.97 768 98 5 9
Ề 1.0 437 104 10 17
Ấ 1.0 748 117 10 15
Ũ 0.83 759 145 9 9
ì 0.32 195 145 30 20
Ỉ 0.33 226 145 30 20
ừ 0.3 438 150 7 30
ù 0.32 407 151 9 29
Ấ 0.34 296 152 8 25
À 0.34 228 152 26 28
ú 1.0 457 164 7 17
Ù 0.99 474 164 6 17
Ù 1.0 54 165 7 16
É 0.99 244 165 6 16
Ú 0.96 335 165 6 15
Ú 0.99 296 165 8 16
Ú 0.99 385 165 8 15
Ù 0.97 422 165 7 15
Ị 0.67 786 165 9 27
Ư 0.96 345 166 8 15
Ú 0.92 496 166 5 15
Ư 0.9 409 167 8 14
ỵ 0.76 126 170 7 11
Ấ 1.0 877 171 10 14
Ấ 1.0 837 172 11 14
Ứ 0.95 872 173 5 13
Ù 1.0 668 174 8 12
Ừ 0.96 701 174 6 11
à 1.0 740 174 8 11
Ư 0.37 584 177 5 8
Ú 0.85 588 177 7 8
Ị 0.6 787 189 9 25
ừ 0.97 841 196 6 12
À 0.98 681 196 6 12
ù 0.93 744 197 5 11
Ũ 0.99 352 212 11 15
Ề 1.0 484 212 8 15
Ù 0.99 451 213 9 14
ù 0.98 496 213 8 14
ủ 0.98 100 213 4 13
Ừ 0.98 392 213 10 14
ủ 1.0 442 213 7 13
Ư 0.99 266 213 8 13
Ừ 0.99 212 214 11 13
Ư 0.34 438 214 4 12
Ỵ 0.95 63 214 4 15
Đ 0.86 50 214 13 12
ủ 0.31 446 214 6 12
ỹ 0.78 412 216 9 12
Ư 0.6 418 216 9 11
Ư 0.77 399 217 9 10
ù 0.99 287 233 11 15
Ư 1.0 487 234 10 15
ố 1.0 474 234 9 14
Ế 0.99 271 234 9 14
Ú 0.99 330 234 8 14
Ừ 0.99 235 235 11 13
Ư 0.94 334 235 7 13
ố 0.6 482 235 7 13
ừ 0.91 429 236 8 12
Ừ 1.0 229 236 10 12
Ú 0.97 381 237 8 13
Ư 0.97 220 237 10 11
Ư 0.36 386 237 6 13
ủ 0.9 126 259 5 12
Ậ 1.0 68 259 8 16
ụ 0.96 122 263 9 11
ụ 1.0 117 263 8 11
í 0.32 790 267 15 29
Ý 0.35 201 292 6 7
Ẻ 0.98 488 321 5 13
Ỵ 0.89 551 324 9 14
ứ 0.7 518 325 9 10
ú 1.0 110 337 9 12
ù 1.0 152 337 8 12
Ử 0.71 218 337 6 12
Ề 1.0 66 338 8 12
Ù 0.56 257 338 6 12
Ơ 0.63 223 340 9 10
Ừ 0.88 680 344 5 13
Ù 0.84 420 344 4 13
À 0.99 752 345 10 15
Ẩ 0.74 624 347 8 11
Ỵ 0.9 549 348 10 14
ủ 0.98 105 358 5 15
Ù 0.77 176 359 6 14
Ư 0.98 57 360 12 13
Ụ 0.96 69 360 5 16
Đ 0.98 58 382 13 13
Ậ 1.0 76 383 8 15
ú 0.81 133 383 5 12
ụ 0.99 124 387 9 12
Ầ 1.0 864 404 9 15
Ổ 1.0 676 405 9 15
ù 1.0 802 406 9 13
ú 1.0 288 407 8 12
ủ 1.0 466 407 8 12
Ú 0.94 501 407 4 13
Ử 1.0 505 407 9 12
Đ 1.0 583 407 11 12
ù 1.0 330 407 8 13
Ã 1.0 431 407 9 12
Ã 1.0 253 408 9 11
Ư 0.99 594 408 11 12
ị 0.96 629 408 5 15
ầ 1.0 143 414 10 15
Ỷ 1.0 100 415 8 14
ý 0.99 637 429 9 17
Ý 0.92 867 429 8 14
Ú 0.96 820 429 9 16
ỳ 0.85 842 432 10 13
Ư 0.83 506 433 8 10
Ơ 0.81 280 434 9 9
À 0.73 128 439 8 13
Ổ 1.0 162 481 11 15
Ư 0.99 88 484 13 13
Ề 1.0 854 486 9 15
Ư 1.0 100 487 10 9
Ấ 1.0 444 489 11 15
ú 0.93 849 490 5 12
Ă 1.0 661 490 8 13
Ử 0.93 655 490 6 12
ù 1.0 810 490 8 13
ù 1.0 305 491 8 12
ề 1.0 271 492 8 12
ứ 0.71 472 492 4 11
Ợ 1.0 474 493 11 13
Ư 0.93 465 493 9 10
Ư 1.0 621 493 10 10
Ỳ 1.0 656 512 6 14
Ử 0.88 624 514 5 12
Ừ 0.89 482 514 6 13
Ù 0.98 316 515 6 12
Ú 0.96 296 515 7 12
Ơ 0.93 828 517 9 10
Ơ 0.94 321 518 7 10
ỳ 0.82 493 518 8 13
í 0.35 592 576 3 11
Ù 0.31 396 692 21 42
Ỉ 0.67 935 703 19 34
í 0.85 211 778 14 36
Í 0.79 388 778 14 36
Í 0.83 51 781 15 31
Í 0.84 557 781 14 31
Í 0.57 386 808 16 34
Ù 0.68 396 837 20 44
Í 0.73 935 849 19 33
Í 0.32 385 849 17 35
Í 0.69 210 879 15 36
ố 0.99 697 880 12 18
Í 0.9 387 880 14 34
Ù 0.99 717 881 14 16
Í 0.96 51 882 15 31
Ở 0.98 601 882 13 16
đ 1.0 597 883 11 15
ớ 1.0 568 883 11 15
è 1.0 476 884 10 14
Ù 1.0 609 885 12 13
Ư 0.72 482 885 13 13
Í 0.37 50 910 16 33
Ị 0.48 725 970 18 37
Ổ 1.0 101 973 11 15
Ộ 1.0 144 976 9 14
í 0.32 210 980 12 36
í 0.33 387 983 13 30
í 0.93 51 984 13 30
À 0.3 102 1022 5 7
ứ 1.0 101 1023 7 11
ủ 0.73 73 1024 3 11
Ù 0.87 680 1029 4 13
Ù 0.48 676 1030 4 12
ầ 0.87 719 1035 9 11
ỵ 0.85 729 1037 8 14
ứ 0.95 453 1039 4 11
Ù 0.78 275 1039 4 13
À 1.0 419 1040 8 11
À 0.92 429 1040 3 11
À 1.0 228 1040 7 12
Ô 1.0 300 1040 9 12
Ó 1.0 340 1040 8 12
Ớ 0.99 385 1040 7 11
Ớ 1.0 362 1040 8 11
Ù 1.0 600 1041 12 16
Ô 1.0 147 1041 8 12
ậ 1.0 196 1041 8 14
Ừ 1.0 100 1041 7 12
Ơ 0.98 393 1041 8 10
Ù 0.9 88 1042 2 10
À 0.83 638 1045 7 14
À 0.95 687 1048 11 18
À 0.64 645 1049 11 12
Â 0.69 671 1049 13 15
Ư 0.98 704 1055 9 13
Ư 0.44 729 1055 5 14
Ấ 0.99 832 1055 10 22
ậ 1.0 918 1055 8 14
Ứ 0.97 743 1056 9 14
À 1.0 882 1056 8 11
Ừ 0.64 892 1056 3 11
Ù 0.66 802 1056 10 16
Ử 1.0 332 1056 8 13
Ẽ 0.82 792 1056 11 15
Ư 1.0 874 1056 9 11
ỷ 1.0 616 1057 9 13
Ẳ 1.0 244 1057 9 14
Ũ 1.0 481 1058 8 11
Ớ 0.9 583 1058 7 11
Ậ 1.0 366 1058 8 14
Ậ 1.0 405 1058 9 13
À 0.99 437 1058 8 11
Ứ 0.92 476 1058 4 10
Ấ 1.0 92 1058 8 14
Ơ 0.63 761 1058 11 12
À 1.0 157 1059 8 12
à 1.0 222 1059 8 12
ứ 1.0 293 1059 8 12
Ừ 0.94 362 1059 3 10
Ừ 0.77 123 1059 3 12
À 1.0 197 1059 8 12
Ầ 0.35 639 1059 9 12
Ừ 0.82 88 1060 3 11
ỵ 0.43 204 1061 4 12
Ừ 0.54 638 1065 7 11
Á 0.93 650 1067 9 11
ú 0.96 732 1072 6 13
Ỵ 0.37 703 1073 4 13
Ú 0.96 727 1074 8 11
Ị 0.31 849 1074 6 24
Ấ 1.0 252 1074 8 14
Ấ 1.0 512 1074 9 14
Ề 1.0 569 1074 8 13
Ù 0.5 553 1075 4 11
Ở 1.0 325 1075 8 13
Ý 1.0 445 1075 7 12
Á 1.0 471 1075 8 12
Ử 0.57 509 1075 3 11
À 1.0 269 1076 8 12
Ù 0.73 377 1076 3 12
Ù 0.65 760 1076 8 12
À 1.0 212 1077 8 12
Ậ 1.0 380 1077 8 13
Ậ 0.99 180 1077 8 14
À 0.99 141 1078 9 12
Ô 0.98 243 1078 8 11
Ư 0.38 335 1078 7 10
À 1.0 77 1078 8 12
ạ 0.98 544 1078 8 11
ỳ 1.0 794 1079 9 15
ỵ 0.64 151 1082 7 11
À 0.98 626 1083 11 13
ụ 0.6 607 1084 5 14
Ậ 0.97 664 1086 10 12
ư 0.35 683 1088 7 10
Ư 0.75 685 1089 11 12
Ý 0.85 693 1090 10 11
Ừ 0.9 701 1090 11 12
Ù 0.89 732 1091 6 14
Ử 0.79 846 1095 8 18
Ậ 1.0 797 1098 9 14
Ả 0.35 850 1098 6 15
ủ 1.0 856 1099 8 13
Ỵ 1.0 885 1099 9 18
Ổ 1.0 454 1100 9 15
Ỵ 0.35 660 1100 7 14
Ả 1.0 548 1101 7 13
ý 0.91 683 1101 9 14
ậ 1.0 392 1102 9 15
Ủ 0.4 578 1102 4 12
Ậ 0.99 581 1103 9 13
Ư 0.91 573 1104 8 12
ỹ 0.59 745 1105 11 10
Ú 0.95 293 1106 7 10
Ị 0.39 937 1111 15 34
Ù 0.54 850 1114 18 27
ự 0.38 825 1121 30 32
Ù 0.69 706 1124 7 13
À 0.59 283 1126 6 12
ỵ 0.69 872 1127 9 14
Ì 0.37 724 1137 5 21
Ị 1.0 309 1143 19 33
Ị 0.53 710 1143 18 25
Ỉ 0.32 788 1157 21 46
Â 0.93 587 1158 21 27
ý 1.0 154 1159 9 16
ứ 1.0 122 1160 11 13
Ỉ 0.67 305 1165 17 32
Ự 0.91 423 1168 20 23
ý 0.98 567 1169 20 20
ù 1.0 159 1183 9 13
Ề 1.0 180 1183 9 13
ù 0.97 88 1183 6 13
Ủ 1.0 107 1184 9 13
Ơ 0.74 391 1184 18 34
Í 0.84 937 1184 14 32
Ọ 1.0 133 1187 9 12
ỷ 1.0 421 1189 21 26
Ạ 0.97 686 1193 15 25
Ỵ 0.59 769 1194 10 15
Ừ 0.9 107 1207 6 12
ù 0.89 136 1208 7 10
Ụ 0.78 572 1217 23 21
Ị 0.92 786 1235 25 42
Ư 0.41 432 1237 10 23
Í 0.6 451 1238 18 26
Ù 1.0 134 1245 9 13
l 0.5 877 15 8 27
w 0.55 854 16 19 21
m 0.81 839 16 20 21
l 0.91 893 16 8 26
l 0.87 895 16 12 35
l 0.38 904 16 8 27
l 0.93 886 16 9 26
l 0.9 922 17 8 24
l 0.75 894 30 13 39
M 0.77 904 32 12 36
l 0.6 911 32 11 35
l 0.89 851 32 11 35
  0.56 962 34 9 35
H 0.64 275 35 16 27
l 0.92 293 35 15 26
i 0.96 487 35 16 26
l 0.94 565 35 10 27
l 0.41 922 35 9 33
l 0.76 938 35 10 33
G 0.92 356 35 13 26
A 0.97 385 35 11 26
l 0.35 569 35 10 26
P 0.98 521 36 17 25
j 1.0 333 36 16 26
l 0.96 370 36 17 26
l 0.93 585 36 7 25
l 0.91 918 36 9 31
H 0.98 426 36 15 25
D 0.98 622 36 17 26
c 1.0 633 37 17 26
N 1.0 674 37 17 25
  0.98 712 37 14 27
l 0.75 797 37 6 29
P 1.0 266 37 16 25
H 1.0 282 37 16 25
N 1.0 465 37 15 25
G 0.98 481 37 13 25
k 0.88 541 37 16 25
H 1.0 594 37 17 25
H 1.0 693 37 16 25
l 0.48 807 37 7 29
  0.9 404 37 11 24
N 1.0 574 37 14 25
K 0.99 551 38 12 24
l 0.4 948 43 6 23
t 0.39 872 45 8 23
l 0.6 893 45 8 23
l 0.35 928 45 8 23
l 0.7 878 46 7 22
l 0.93 832 46 8 21
l 0.42 857 47 7 20
l 0.45 816 49 4 17
s 0.99 126 61 11 15
I 0.99 156 61 10 15
  0.99 168 61 24 22
y 0.45 76 61 12 15
I 1.0 106 61 15 15
T 0.85 140 62 12 14
  0.4 152 62 26 22
F 0.99 402 73 8 20
v 0.99 464 73 17 20
  0.97 665 73 15 21
E 0.99 333 74 15 19
u 0.96 341 74 13 19
  0.88 511 74 11 19
L 1.0 349 74 12 19
l 0.94 363 74 13 19
V 1.0 370 74 16 19
E 1.0 386 74 17 19
R 1.0 404 74 14 19
N 1.0 445 74 14 19
E 1.0 495 74 14 19
F 1.0 528 74 13 19
S 1.0 584 74 16 20
E 1.0 627 74 15 20
S 1.0 649 74 15 19
s 1.0 812 74 11 14
M 0.98 951 74 13 14
Y 1.0 420 74 17 19
R 1.0 558 74 16 19
L 1.0 618 74 13 19
E 0.99 634 74 13 19
h 1.0 768 74 9 13
e 1.0 856 74 13 14
2 1.0 876 74 11 14
H 1.0 923 74 14 14
N 1.0 940 74 13 14
  1.0 956 74 16 14
D 1.0 316 75 16 18
o 0.99 543 75 15 18
A 0.99 602 75 18 19
  0.99 967 75 16 13
T 1.0 478 75 16 18
T 1.0 841 75 14 13
  0.85 571 75 14 18
K 1.0 740 75 12 12
i 0.91 777 75 5 12
s 0.99 865 75 9 13
F 0.8 917 75 9 13
C 0.97 935 75 12 13
E 0.99 823 76 11 10
v 0.97 834 76 13 11
u 0.97 900 76 9 12
0 0.91 886 76 8 12
1 0.79 895 76 9 12
u 0.91 790 79 10 8
S 0.99 745 97 8 10
r 1.0 762 101 6 8
a 0.98 773 101 8 6
e 0.99 753 102 8 8
c 1.0 497 104 13 17
L 1.0 418 105 11 16
i 0.47 431 106 4 15
o 0.99 512 106 13 15
n 1.0 449 109 11 12
  0.5 461 109 8 12
  0.37 533 109 7 13
p 0.97 525 109 11 17
y 0.99 538 109 10 17
  0.41 546 110 10 15
s 1.0 739 120 9 12
N 1.0 745 142 12 11
a 0.59 402 161 7 15
r 0.66 537 168 6 15
I 0.83 440 168 6 13
0 0.99 48 168 8 13
c 0.98 68 168 6 13
G 0.96 159 168 7 13
v 0.98 322 168 7 14
a 0.96 353 168 8 13
r 0.55 405 168 6 13
c 0.88 483 168 7 14
N 0.99 61 169 7 12
H 0.98 110 169 9 11
N 0.99 151 169 9 12
c 0.89 186 169 8 12
N 0.98 258 169 8 12
w 0.81 265 169 9 12
I 0.5 277 169 4 12
T 0.91 282 169 8 11
G 0.98 315 169 7 12
N 0.99 341 169 7 12
H 0.98 360 169 6 12
N 0.97 372 169 7 12
l 0.44 389 169 5 13
N 0.95 392 169 8 12
H 0.99 400 169 7 12
M 0.87 418 169 8 12
P 0.71 445 169 6 12
  0.37 530 169 8 13
N 0.98 97 169 8 12
H 0.99 103 169 9 12
E 0.95 169 169 6 12
E 0.79 180 169 7 12
N 0.94 210 169 7 11
c 0.81 220 169 6 12
H 0.94 288 169 8 12
N 1.0 308 169 8 12
H 0.99 379 169 7 12
H 0.99 415 169 7 12
N 0.98 428 169 7 12
H 0.99 435 169 6 12
H 0.36 447 169 7 12
H 0.99 451 169 6 12
H 0.99 467 169 6 12
H 0.96 489 169 7 12
T 0.98 77 170 7 11
m 0.93 91 170 8 11
M 0.98 132 170 9 10
U 0.82 146 170 6 11
  0.51 165 170 5 11
L 0.91 174 170 7 11
T 0.92 191 170 7 11
R 0.89 197 170 7 11
v 0.9 234 170 6 11
T 0.9 250 170 6 11
t 0.36 253 170 7 11
M 0.89 272 170 8 11
Y 0.99 327 170 9 11
M 0.32 511 170 5 11
N 0.97 514 170 7 11
Y 0.96 82 170 9 11
M 0.95 502 170 9 11
H 0.97 520 170 8 11
K 1.0 566 173 12 12
h 1.0 578 173 9 12
N 1.0 645 173 13 13
h 1.0 731 173 9 12
s 1.0 828 173 10 13
h 1.0 862 173 10 12
g 1.0 659 177 9 12
y 1.0 677 177 9 13
g 1.0 693 177 9 13
a 0.99 707 177 8 8
o 0.95 715 177 9 9
n 0.99 749 177 9 8
g 1.0 759 177 9 12
p 1.0 852 177 10 13
u 0.95 886 178 10 8
l 0.73 537 193 7 15
s 1.0 48 193 8 12
E 0.99 122 193 9 12
F 0.38 164 193 7 12
o 0.97 174 193 11 12
L 0.31 263 193 6 12
G 0.99 300 193 10 12
  0.98 369 193 9 12
s 1.0 78 194 7 11
U 0.84 86 194 10 11
L 0.99 131 194 9 11
E 0.98 140 194 8 11
R 1.0 167 194 9 11
S 0.99 211 194 7 11
v 1.0 223 194 10 11
U 0.99 309 194 10 11
c 1.0 353 194 9 11
c 1.0 432 194 9 11
N 1.0 96 194 10 11
G 1.0 106 194 11 11
C 0.99 148 194 9 11
T 0.97 157 194 10 11
  0.47 171 194 8 11
y 0.57 181 194 8 11
N 0.99 186 194 10 11
1 0.92 196 194 8 11
c 1.0 202 194 10 11
  0.52 217 194 7 11
N 1.0 232 194 12 11
T 0.71 241 194 8 10
T 0.99 247 194 9 11
H 1.0 256 194 12 11
I 0.93 277 194 5 11
  0.36 281 194 5 11
Y 1.0 319 194 10 11
E 0.99 326 194 11 11
o 0.93 362 194 12 11
L 0.99 381 194 8 11
  0.94 402 194 9 11
  0.92 413 194 10 11
c 1.0 454 194 10 11
A 0.98 486 194 10 11
c 1.0 506 194 10 12
A 1.0 55 194 11 11
M 1.0 66 194 12 11
A 0.99 266 194 13 11
N 0.99 286 194 12 11
  0.34 373 194 7 12
T 0.99 388 194 10 11
H 1.0 422 194 9 11
I 0.75 451 194 3 11
B 0.99 469 194 7 11
  0.45 527 194 9 12
N 1.0 338 194 10 11
D 0.95 397 194 10 11
M 1.0 442 194 11 11
R 1.0 478 194 8 11
N 1.0 496 194 10 11
H 1.0 516 194 12 11
l 0.7 574 194 7 14
  0.5 293 195 6 11
  0.55 407 195 6 11
M 0.52 441 195 5 10
  0.36 462 195 7 11
l 0.81 676 195 6 13
D 1.0 725 196 12 12
P 1.0 565 197 11 11
D 1.0 656 197 14 11
D 0.99 817 197 12 11
t 0.67 833 197 9 11
N 1.0 883 197 14 11
a 0.8 580 199 7 9
v 0.99 686 199 10 9
m 0.96 586 200 11 8
e 0.96 694 200 8 8
e 0.93 749 200 8 8
e 0.99 829 200 8 8
e 0.95 854 200 8 8
0 0.83 896 200 8 9
e 0.99 669 200 8 8
u 0.99 708 200 10 8
v 0.97 845 200 10 8
u 0.94 867 200 11 8
r 0.96 702 200 8 8
r 0.92 861 200 9 8
h 1.0 90 213 9 13
u 0.99 133 213 14 14
A 1.0 118 213 15 14
R 0.95 143 213 14 14
d 0.92 127 214 9 12
a 0.99 255 214 10 13
t 0.98 286 214 10 13
a 1.0 434 214 14 13
n 1.0 473 214 12 13
B 0.97 271 214 8 12
i 0.36 278 214 5 12
T 0.99 461 214 12 13
i 0.46 282 215 4 11
t 0.86 285 215 5 11
x 0.94 298 215 6 12
u 0.53 383 215 10 11
T 0.99 200 215 11 11
  0.62 263 215 8 11
r 0.89 491 215 5 12
j 0.74 346 216 8 11
  0.98 173 217 8 10
e 0.99 290 217 8 9
0 0.99 342 217 8 10
a 0.46 440 217 5 12
s 0.98 163 217 10 9
a 0.91 221 217 7 9
r 0.52 232 217 8 9
x 0.99 300 217 10 10
c 0.94 312 217 9 10
  1.0 318 217 10 10
F 0.47 426 217 9 10
H 0.95 430 217 11 12
r 0.97 472 217 7 10
e 0.97 154 217 9 10
a 0.99 225 217 8 9
h 1.0 243 217 10 9
c 0.99 308 217 8 10
g 0.99 414 217 11 15
a 0.98 68 218 8 8
n 0.89 405 218 8 8
  0.37 506 218 5 9
c 0.99 82 218 7 8
n 0.99 235 218 9 8
  0.98 322 218 9 9
s 1.0 584 231 10 14
0 0.99 612 232 10 13
l 0.69 534 232 10 17
h 1.0 211 234 9 14
x 1.0 417 234 11 14
n 1.0 405 235 12 13
w 0.99 468 235 9 13
M 1.0 514 235 14 13
r 0.99 276 235 10 13
N 1.0 295 235 13 13
R 0.99 318 235 10 13
  1.0 352 235 14 15
I 1.0 450 235 11 13
P 0.96 458 235 7 12
C 1.0 502 235 9 14
P 0.99 202 236 9 11
a 0.52 364 236 6 14
n 0.96 432 236 10 12
B 1.0 262 237 9 11
i 0.35 284 238 7 10
L 0.97 390 238 9 10
g 1.0 247 239 9 9
h 1.0 439 239 10 9
a 0.39 243 239 9 10
E 0.98 258 239 10 13
g 1.0 307 239 11 14
n 0.99 368 239 9 9
  0.32 398 239 5 9
h 0.99 98 258 9 14
l 0.68 177 258 5 14
i 0.92 63 259 4 13
D 0.99 51 259 11 13
  0.84 134 259 4 13
e 0.98 154 259 11 13
T 0.99 142 259 10 12
t 0.98 93 261 5 11
l 0.36 160 261 5 11
a 0.45 151 262 7 10
  0.95 167 262 8 10
  0.99 110 262 10 10
l 0.79 102 263 6 8
n 0.99 77 263 9 8
J 0.36 917 275 19 22
O 0.99 304 282 6 14
F 1.0 50 283 9 13
a 0.97 59 288 8 8
x 1.0 67 288 9 8
D 1.0 925 308 13 14
N 1.0 909 309 13 14
c 1.0 820 309 11 13
V 1.0 896 310 12 12
r 0.94 841 313 7 9
r 0.97 847 313 8 9
u 0.98 831 314 10 8
c 0.99 872 314 7 8
y 0.99 880 314 9 12
e 0.8 854 314 9 8
n 0.98 863 314 9 8
A 0.7 389 320 13 15
N 0.99 401 320 9 15
  0.98 442 320 13 15
T 1.0 508 320 12 15
B 0.99 351 321 10 14
N 1.0 379 321 11 14
  0.44 397 321 7 14
D 0.94 420 321 11 14
K 0.99 542 321 10 14
H 0.46 453 322 13 13
n 0.94 527 325 9 10
R 0.99 480 325 9 9
H 0.4 535 325 8 10
T 0.61 48 328 8 23
k 0.99 92 336 9 13
h 1.0 142 336 10 13
h 1.0 101 336 9 13
h 1.0 126 337 11 12
c 0.99 192 337 11 13
T 1.0 56 337 11 12
s 0.98 211 340 7 9
m 0.68 231 340 8 9
n 0.99 75 341 10 8
c 0.99 119 341 8 8
n 1.0 162 341 9 8
g 0.99 171 341 9 12
u 0.99 203 341 9 8
e 0.9 243 341 8 8
r 0.99 251 341 7 8
k 1.0 394 343 9 14
h 1.0 456 343 6 15
h 1.0 564 343 7 14
h 1.0 728 343 8 14
h 0.99 403 344 8 13
i 0.79 463 344 4 14
h 0.99 694 344 9 15
V 0.99 776 344 12 14
N 1.0 787 344 11 14
K 1.0 541 345 10 14
K 1.0 648 345 9 14
N 1.0 708 345 11 13
T 1.0 612 345 12 14
t 0.98 448 345 8 13
t 0.94 473 345 5 14
T 1.0 506 345 12 14
1 0.41 467 346 7 12
t 0.99 674 346 6 13
a 0.98 485 347 7 11
o 0.99 412 347 10 11
a 0.75 517 347 8 11
e 0.99 590 347 9 11
y 0.98 656 347 10 14
e 0.99 738 347 9 11
n 0.99 527 347 8 11
u 0.99 574 347 7 11
  0.91 582 347 8 14
g 1.0 719 347 9 15
n 0.99 762 347 8 11
r 0.98 478 348 6 10
n 0.99 493 348 8 10
n 0.98 600 348 8 10
n 0.99 633 348 8 10
n 0.98 685 348 8 10
d 0.93 132 359 11 14
h 1.0 96 359 9 14
d 0.95 141 359 10 13
A 0.97 120 360 15 13
a 0.97 74 363 8 9
r 0.96 150 363 7 9
s 0.93 163 363 7 9
c 1.0 88 363 7 10
e 0.96 156 363 8 9
s 0.99 169 363 7 10
l 0.57 170 381 7 13
i 0.84 71 382 4 13
h 1.0 105 382 10 13
T 0.99 153 382 12 13
t 0.98 101 384 4 11
e 0.97 163 386 9 9
o 0.98 115 387 10 8
n 0.99 85 387 9 8
t 0.86 46 392 19 18
T 0.94 203 397 11 13
T 0.39 720 398 5 12
h 1.0 647 406 10 13
h 1.0 834 406 11 13
k 1.0 269 406 10 13
h 1.0 320 406 10 14
h 1.0 456 406 11 13
N 1.0 779 406 14 13
h 1.0 277 407 11 12
h 1.0 305 407 9 12
M 1.0 237 407 16 13
M 1.0 415 407 16 12
1 0.7 426 407 6 12
a 0.55 651 409 7 11
g 1.0 793 410 9 13
y 1.0 854 410 10 13
g 1.0 349 410 9 14
y 0.98 667 410 10 14
n 1.0 685 410 10 9
y 0.99 812 410 9 14
c 0.99 827 410 7 9
u 1.0 844 410 11 9
n 0.99 872 410 10 9
c 0.99 296 411 8 9
n 0.99 338 411 11 8
n 0.99 475 411 10 8
v 0.99 491 411 10 8
n 0.99 516 411 10 9
c 0.99 640 411 7 8
u 0.99 658 411 9 8
n 1.0 446 411 10 8
n 0.99 604 411 10 8
v 0.99 619 411 10 8
h 1.0 134 416 9 13
s 1.0 91 416 9 14
p 1.0 124 420 9 14
m 0.99 153 420 14 9
n 1.0 109 420 9 9
l 0.66 437 429 6 13
D 0.99 775 429 12 13
s 1.0 421 430 9 14
c 0.99 248 430 12 13
T 0.99 597 430 12 12
b 0.91 663 431 9 14
t 0.59 795 431 5 11
N 0.98 322 431 11 12
N 0.99 494 431 12 12
t 0.66 832 431 7 12
t 0.9 275 432 6 11
r 0.95 651 434 6 8
a 0.93 787 434 8 8
e 0.98 800 434 8 8
r 0.87 837 434 7 8
r 0.91 880 434 7 8
s 0.95 268 434 7 9
r 0.87 309 434 7 9
e 0.94 442 434 8 9
r 0.8 608 434 7 9
a 0.52 613 434 8 8
y 0.97 671 434 9 11
0 0.88 814 434 8 9
u 0.98 259 434 10 9
0 0.88 335 434 7 8
m 0.74 461 434 8 9
e 0.98 643 434 7 8
a 0.87 429 435 9 7
  0.48 635 437 7 10
P 1.0 103 440 9 12
t 0.58 150 440 5 12
r 0.98 112 442 8 10
u 0.95 135 442 8 10
C 0.92 143 442 7 10
o 0.72 119 443 8 9
  0.62 907 444 12 14
l 0.55 381 444 6 18
D 0.96 660 446 13 12
t 1.0 682 446 10 12
f 0.95 842 446 8 13
1 0.98 320 446 7 13
H 1.0 672 446 12 12
h 0.99 140 484 9 12
d 0.96 125 484 10 13
s 0.99 154 488 8 9
n 0.99 109 488 11 8
h 1.0 800 490 10 13
s 1.0 434 490 10 14
T 1.0 788 490 12 13
h 1.0 828 490 11 13
l 0.95 460 490 4 14
T 1.0 260 491 12 13
D 1.0 608 491 12 12
h 1.0 296 491 9 13
t 0.98 844 491 5 12
n 1.0 864 494 10 9
n 0.99 818 494 11 9
n 0.96 484 494 10 9
n 0.99 629 494 11 9
g 1.0 646 495 10 14
n 1.0 279 495 10 9
n 0.99 314 495 11 8
g 1.0 324 495 9 14
g 0.99 495 496 9 12
O 0.97 116 506 12 14
N 1.0 133 507 14 12
s 1.0 101 507 8 13
0 0.93 146 510 9 10
p 1.0 441 513 16 20
A 0.75 802 513 12 13
  0.96 865 514 7 12
  0.73 495 514 7 13
  0.76 501 514 7 13
u 0.98 606 514 9 13
a 0.61 489 515 9 13
D 1.0 256 515 14 13
  0.71 506 515 5 15
t 0.67 628 515 7 12
t 0.93 311 516 5 11
  0.74 681 516 12 12
t 0.79 853 516 11 11
m 0.8 817 516 15 11
n 0.57 844 516 10 11
a 0.91 459 517 11 11
m 0.93 467 517 12 11
u 0.95 477 517 12 11
r 0.97 647 517 11 10
c 0.9 661 517 7 10
e 0.93 668 517 7 9
u 0.79 451 518 9 9
m 0.5 465 518 8 9
n 0.96 614 518 11 9
e 0.97 269 518 8 10
c 0.85 283 518 7 10
p 0.95 639 518 11 13
r 0.96 290 518 7 9
p 0.97 302 519 8 12
o 0.98 145 560 12 15
M 1.0 262 560 12 15
P 1.0 136 561 10 14
s 1.0 252 561 10 14
A 0.99 280 561 11 13
F 1.0 317 561 9 14
K 1.0 336 561 10 14
F 1.0 345 561 9 14
x 0.99 352 561 14 14
Z 1.0 326 561 10 14
x 0.98 362 561 12 14
V 0.99 371 561 13 14
  0.99 400 595 17 17
G 1.0 352 596 11 14
w 0.99 378 596 18 15
E 0.99 253 596 9 14
B 0.99 261 596 10 14
P 1.0 278 596 9 14
C 1.0 322 596 10 14
E 0.99 343 596 8 14
S 1.0 331 597 11 13
w 1.0 362 597 18 13
o 0.99 145 597 12 14
P 1.0 136 597 9 13
t 0.99 842 877 15 21
  0.93 800 879 17 19
A 1.0 652 882 17 16
T 1.0 668 883 13 14
K 1.0 461 883 15 15
h 1.0 517 883 11 15
V 1.0 639 883 14 15
h 1.0 557 883 10 15
e 0.35 531 885 11 13
t 0.99 510 886 6 12
s 1.0 688 887 8 11
a 0.57 496 888 17 10
  0.9 629 888 13 10
m 0.9 487 888 17 10
  0.77 547 888 9 10
  0.36 589 888 8 10
n 1.0 619 888 13 10
a 0.99 580 888 9 10
o 0.97 763 888 12 10
e 1.0 528 888 10 10
o 0.99 538 888 11 10
R 1.0 93 974 12 15
g 1.0 163 979 10 13
n 0.99 111 979 10 9
g 1.0 121 979 9 13
c 0.99 136 979 7 9
n 0.99 153 979 10 9
T 1.0 114 997 11 13
l 0.89 144 997 6 13
0 0.96 124 1000 9 10
a 0.79 136 1000 10 10
L 0.87 50 1010 5 7
G 1.0 51 1024 10 11
h 0.99 64 1024 7 11
h 0.98 90 1024 7 10
i 0.73 59 1024 3 11
I 0.41 68 1025 5 10
w 0.56 76 1026 5 9
l 0.55 96 1026 4 9
c 1.0 82 1027 7 7
w 0.94 638 1029 13 10
w 0.91 627 1030 10 8
w 0.79 651 1030 10 11
M 0.38 635 1030 7 9
w 0.73 625 1031 7 6
d 0.94 669 1031 9 11
e 0.94 684 1032 9 11
n 0.96 693 1034 10 10
m 0.97 706 1036 12 9
h 0.96 767 1037 9 13
l 0.35 582 1038 5 20
x 0.65 738 1039 8 9
h 0.99 466 1040 8 10
h 0.99 445 1040 8 11
h 0.99 266 1040 8 12
k 0.99 284 1040 7 12
h 1.0 353 1040 8 11
  0.46 777 1040 6 11
h 0.99 219 1041 8 11
t 0.94 415 1041 4 9
k 0.99 131 1041 7 11
h 0.99 138 1041 8 11
k 0.99 258 1041 9 11
h 0.99 293 1041 7 11
h 0.99 187 1041 8 11
c 1.0 782 1041 10 11
v 1.0 68 1042 10 11
  0.4 819 1042 10 11
c 0.99 437 1042 7 9
n 0.99 458 1042 7 8
n 0.99 402 1042 7 9
o 0.81 792 1042 10 12
  0.4 824 1043 9 9
g 1.0 246 1043 7 12
n 0.99 310 1043 7 8
g 1.0 318 1043 8 12
c 1.0 332 1043 6 9
a 0.98 371 1043 8 8
  0.46 326 1043 6 10
m 0.96 803 1043 12 9
W 0.42 126 1044 4 9
n 0.98 157 1044 8 8
n 0.99 205 1044 8 8
n 0.99 237 1044 8 8
r 0.32 802 1044 5 9
n 0.99 109 1044 7 8
  0.45 174 1044 3 8
n 0.99 178 1044 8 9
u 0.99 79 1044 7 9
g 1.0 165 1044 8 12
C 0.99 590 1044 10 12
g 1.0 117 1045 8 11
A 0.91 610 1046 10 10
  0.57 618 1046 8 12
H 0.96 625 1047 10 11
G 0.88 655 1049 12 15
  0.72 675 1051 15 18
  0.3 635 1053 7 7
N 0.7 696 1055 9 13
j 0.92 723 1055 8 16
m 0.76 712 1056 11 11
h 1.0 909 1056 8 10
I 0.3 720 1056 4 11
k 0.96 736 1057 9 11
h 0.99 428 1057 8 11
s 1.0 504 1058 8 11
x 0.93 749 1058 9 11
n 0.99 900 1058 8 8
n 0.98 928 1058 6 8
h 0.99 397 1058 8 11
h 0.83 770 1058 9 13
n 0.9 856 1058 8 8
g 0.99 865 1058 7 12
A 0.8 756 1059 8 10
H 0.94 779 1059 10 12
b 1.0 236 1059 8 12
h 1.0 284 1059 7 11
l 0.33 423 1059 6 12
j 0.32 587 1059 4 10
P 0.99 70 1060 7 11
l 0.74 219 1060 3 11
h 0.98 80 1060 6 12
h 0.99 149 1060 7 11
s 0.99 535 1060 7 9
q 0.99 600 1060 8 11
u 0.99 609 1060 7 8
a 0.99 490 1061 7 8
n 0.97 552 1061 8 8
v 0.99 573 1061 8 8
n 0.99 415 1061 7 8
n 1.0 446 1061 7 8
a 0.98 514 1061 6 8
m 0.98 522 1061 11 8
u 0.93 544 1061 6 8
g 0.99 560 1061 8 12
c 0.99 324 1061 8 9
a 0.97 341 1061 9 9
c 0.99 376 1061 7 9
g 1.0 454 1061 8 12
g 1.0 468 1061 8 12
a 0.43 518 1061 4 8
g 1.0 263 1061 8 13
g 1.0 311 1061 8 13
v 1.0 354 1061 8 8
n 1.0 388 1061 8 8
g 0.99 114 1062 8 12
n 0.98 166 1062 7 9
g 0.99 174 1062 8 12
n 0.97 189 1062 7 9
y 0.8 205 1062 8 11
n 0.98 253 1062 9 8
c 0.99 276 1062 8 9
n 0.98 303 1062 7 7
  0.31 383 1062 4 7
o 0.8 135 1062 7 9
  0.43 319 1062 4 10
  0.76 182 1063 6 9
  0.97 630 1063 11 15
u 0.95 101 1063 7 8
  0.46 657 1064 11 16
T 0.89 685 1069 10 12
h 0.91 695 1073 9 9
T 0.93 713 1073 9 10
h 0.99 501 1076 7 11
k 0.99 493 1076 7 11
r 0.91 722 1076 6 9
T 0.96 751 1076 10 11
l 0.76 265 1076 4 13
h 0.98 347 1077 8 11
  0.38 363 1077 5 9
n 0.78 737 1077 8 9
s 0.87 583 1078 7 9
h 0.97 172 1078 8 11
h 1.0 203 1078 8 10
o 0.82 356 1078 8 10
  0.45 360 1078 7 10
I 0.49 505 1078 4 9
n 0.98 536 1078 7 9
e 0.89 410 1079 8 9
c 1.0 463 1079 7 9
c 1.0 480 1079 8 9
u 0.97 523 1079 7 8
v 0.99 561 1079 7 7
  0.91 303 1079 6 9
a 0.46 352 1079 7 9
c 0.99 390 1079 7 9
r 0.99 420 1079 9 9
x 1.0 437 1079 7 9
c 0.99 296 1079 8 9
s 0.99 317 1079 8 9
c 0.99 339 1079 8 9
x 0.98 402 1079 7 9
g 0.99 229 1080 9 12
m 0.98 279 1080 12 8
v 0.99 368 1080 9 8
h 0.98 70 1080 7 10
K 0.95 784 1080 9 10
n 0.98 190 1080 7 9
n 0.99 221 1080 8 8
n 0.85 769 1080 9 9
n 0.97 125 1081 6 8
n 0.98 163 1081 7 8
n 0.94 87 1081 7 9
g 0.99 96 1081 7 12
g 1.0 133 1081 7 12
u 0.91 608 1085 9 9
L 0.92 654 1085 12 13
u 0.31 615 1086 7 9
y 0.86 618 1086 9 10
a 0.77 638 1087 9 8
a 0.69 676 1090 8 9
T 0.9 722 1093 12 12
  0.35 697 1093 7 9
N 0.98 763 1096 13 11
u 0.33 744 1096 8 10
n 0.75 738 1096 10 10
h 0.99 787 1098 10 11
g 0.99 775 1099 11 13
l 0.89 881 1099 4 13
I 0.52 625 1100 7 13
A 1.0 813 1100 12 12
Q 0.99 833 1101 13 15
M 0.99 615 1101 16 13
s 1.0 631 1101 11 13
B 1.0 538 1101 9 13
h 1.0 425 1102 9 12
T 1.0 643 1103 11 11
h 1.0 281 1103 10 13
V 1.0 381 1103 11 12
K 1.0 269 1103 12 13
n 0.98 826 1103 8 9
n 0.99 864 1104 10 8
o 0.98 557 1105 9 9
n 0.98 402 1106 8 9
c 0.99 417 1106 8 9
n 0.99 464 1106 8 8
u 0.99 435 1106 9 9
y 0.94 445 1106 10 11
  0.49 581 1111 8 6
5 0.7 695 1111 8 9
u 0.54 676 1112 7 6
  0.74 690 1112 6 6
7 0.39 726 1112 10 10
p 1.0 783 1114 11 19
M 0.86 834 1121 24 18
C 1.0 672 1123 13 14
G 1.0 548 1124 12 13
i 0.63 683 1124 13 12
T 0.99 385 1125 12 13
T 0.77 699 1125 9 11
  0.95 896 1125 10 11
  0.33 901 1125 10 11
w 0.99 249 1126 20 14
r 0.98 884 1126 14 15
o 0.88 293 1126 10 13
t 0.75 449 1126 5 11
s 0.93 693 1126 8 10
m 0.93 712 1126 12 9
7 0.96 733 1126 9 10
  0.93 905 1126 10 10
c 0.95 727 1127 7 9
  0.81 469 1127 10 12
  0.56 480 1127 7 13
m 0.88 722 1127 6 9
s 0.55 419 1128 8 10
a 0.96 558 1128 9 9
e 0.99 573 1128 8 9
e 0.95 424 1128 17 16
r 0.83 394 1128 8 10
r 0.75 442 1129 7 9
r 0.78 462 1129 6 9
m 0.86 284 1129 10 10
r 0.52 269 1129 7 9
l 0.93 305 1130 5 8
s 0.98 309 1130 7 8
e 0.84 316 1130 7 8
p 0.66 424 1130 7 12
w 0.95 665 1147 30 21
  0.73 721 1148 8 27
  0.76 536 1154 27 38
Z 0.89 689 1155 13 13
M 0.91 713 1156 13 13
w 0.91 701 1157 12 10
u 0.43 707 1158 12 9
c 1.0 101 1159 11 14
h 1.0 112 1159 11 13
k 1.0 144 1159 10 13
  0.81 558 1172 15 20
Z 0.36 583 1177 20 22
h 1.0 123 1183 10 14
h 0.99 79 1183 9 13
G 1.0 65 1184 13 13
J 0.6 716 1184 9 29
t 0.99 175 1185 5 11
l 0.74 780 1186 7 24
n 0.99 189 1187 11 8
v 0.99 149 1187 10 9
r 0.99 101 1188 6 8
Y 0.98 742 1188 15 18
U 0.99 647 1190 13 25
p 1.0 438 1192 15 19
a 0.78 762 1192 11 15
V 0.51 773 1196 6 10
v 0.81 281 1202 18 18
u 1.0 407 1202 19 15
w 0.99 425 1202 18 14
v 0.99 656 1202 21 16
  0.32 937 1202 14 25
v 0.63 703 1202 9 12
M 0.62 716 1203 10 10
v 0.85 304 1207 18 22
S 0.99 101 1208 7 12
1 0.66 141 1211 6 7
e 0.89 159 1211 7 8
n 0.98 120 1211 10 9
u 0.75 146 1211 7 7
8 0.99 112 1212 10 14
z 0.97 582 1226 19 29
U 0.48 426 1237 20 37
a 0.98 411 1240 15 19
N 1.0 111 1245 14 13
g 0.99 125 1249 10 12
y 0.99 143 1249 10 13
  0.42 269 1249 11 33
1 0.95 413 1250 16 25
J 0.33 911 1252 28 29
r 0.58 707 1256 15 21
b 0.97 306 1260 21 25
D 0.99 116 1267 13 13
t 0.88 135 1269 7 11
e 1.0 141 1271 8 9
a 0.98 128 1271 8 9
  0.53 192 48 23 28
  0.71 874 75 6 11
  0.64 891 76 9 12
5 0.93 908 76 7 12
  0.94 740 98 4 9
  0.97 781 101 5 8
1 1.0 469 105 7 15
  0.76 477 105 8 16
1 1.0 557 105 6 16
3 1.0 836 116 12 20
2 1.0 790 117 13 19
9 1.0 806 117 13 19
9 0.99 821 117 13 19
1 1.0 851 117 12 19
7 1.0 865 117 12 19
0 0.81 776 118 12 19
  0.36 325 145 18 18
  0.36 338 145 22 14
  0.3 354 145 22 15
  0.32 387 145 18 17
  0.31 403 145 17 17
  0.31 431 145 15 14
  0.54 925 166 10 26
  0.71 239 168 5 12
  0.8 366 168 4 13
0 0.99 204 169 6 12
7 0.95 736 199 8 9
  0.4 584 200 4 8
  0.45 565 202 5 6
  0.3 237 204 6 11
  0.35 278 204 11 6
6 0.99 370 213 9 13
  0.96 756 231 10 14
9 1.0 694 231 10 14
5 1.0 594 231 8 14
2 1.0 668 231 9 14
0 0.98 677 231 11 14
0 0.99 710 231 10 13
2 1.0 743 231 9 13
  0.93 851 232 8 12
7 1.0 864 232 9 12
8 1.0 876 232 10 12
2 1.0 602 232 9 12
1 1.0 687 232 7 12
7 1.0 718 232 10 12
0 0.98 733 232 10 13
8 0.99 837 232 9 12
4 0.99 846 232 7 11
7 0.99 856 232 8 11
7 0.99 886 232 8 11
2 1.0 896 232 8 11
4 0.99 904 232 9 11
9 1.0 917 232 7 11
1 0.95 925 232 6 11
  0.45 335 258 9 26
  0.99 229 258 9 14
9 0.99 254 258 9 14
  0.99 264 258 9 14
3 1.0 243 259 9 13
  0.98 274 259 8 13
3 1.0 293 259 7 12
  0.95 304 259 7 13
  0.88 315 259 8 13
3 0.99 295 259 9 13
8 0.92 208 259 8 13
4 1.0 215 259 9 13
8 0.99 224 259 8 13
1 0.98 261 259 6 12
5 1.0 269 259 8 12
7 1.0 284 259 9 12
  0.44 307 260 7 12
0 0.93 310 260 10 13
  0.98 229 282 9 14
9 1.0 254 282 8 14
  1.0 264 282 8 14
2 1.0 310 282 10 14
4 1.0 215 283 9 13
8 0.99 224 283 8 13
  0.99 274 283 7 13
  0.97 315 283 9 13
8 0.99 207 283 8 13
3 1.0 243 283 9 14
  0.31 258 283 7 13
5 1.0 269 283 8 13
7 1.0 283 283 10 13
4 1.0 292 283 9 13
3 1.0 360 321 10 14
4 0.93 469 321 8 12
4 0.98 437 321 8 12
4 0.97 342 322 10 12
1 0.8 239 340 5 10
7 1.0 430 344 9 13
0 1.0 352 345 10 14
0 1.0 362 345 9 14
8 1.0 380 345 9 14
0 0.97 343 345 10 14
3 1.0 370 346 10 14
1 0.39 101 363 5 9
3 1.0 402 367 8 14
0 0.99 338 368 10 13
2 1.0 356 368 9 13
5 1.0 367 368 8 13
3 1.0 428 368 9 13
1 1.0 349 368 6 13
8 1.0 383 368 10 14
9 1.0 420 368 9 13
5 1.0 375 368 8 14
8 1.0 392 368 10 14
  0.64 424 368 9 13
  0.5 435 368 9 14
3 1.0 410 369 9 13
  0.93 248 407 5 13
7 0.65 292 433 6 10
1 0.9 297 434 4 9
7 0.43 472 434 6 8
7 0.79 482 434 5 8
1 0.75 626 434 6 8
5 0.72 631 434 7 9
1 0.75 856 434 5 8
5 0.74 861 434 7 8
  0.64 288 434 6 8
  0.89 457 434 5 8
  0.8 477 434 6 8
  0.77 621 434 6 8
  0.76 851 434 6 8
5 0.89 450 435 7 8
  0.39 870 438 6 7
  0.34 816 438 8 10
2 0.99 889 444 10 13
9 1.0 898 445 10 12
7 1.0 824 445 8 13
  0.99 875 445 9 13
0 0.97 832 445 11 13
9 1.0 850 445 10 13
0 0.97 866 445 10 13
  1.0 363 446 10 13
7 0.95 300 446 10 13
0 0.99 310 446 10 13
2 1.0 345 446 10 13
9 1.0 373 446 10 13
0 0.99 292 446 10 13
9 1.0 328 446 9 13
7 0.99 336 446 10 13
3 1.0 354 447 10 13
  0.39 113 506 4 5
  0.57 832 517 12 10
1 0.31 472 517 5 9
1 0.47 813 517 7 10
1 0.61 333 518 5 8
7 0.99 328 518 5 9
1 0.94 548 560 6 17
0 0.99 299 560 10 15
9 1.0 229 561 10 14
3 1.0 290 561 9 14
5 1.0 309 561 8 14
1 1.0 110 561 7 14
2 1.0 118 561 10 14
9 1.0 165 561 10 14
0 1.0 175 561 10 14
6 0.99 184 561 9 14
0 0.99 193 561 9 14
2 1.0 210 561 9 14
9 1.0 219 561 11 14
4 1.0 237 561 10 14
3 1.0 126 562 9 13
1 1.0 157 562 7 13
5 1.0 203 562 8 13
0 0.99 91 562 9 14
0 0.98 100 562 9 14
1 0.96 548 595 6 16
1 0.99 296 596 8 14
9 1.0 229 596 10 14
1 1.0 288 596 6 14
0 1.0 304 596 10 14
0 1.0 313 596 10 14
9 1.0 165 597 10 13
6 1.0 183 597 10 13
0 1.0 192 597 10 13
1 0.33 299 597 10 14
2 1.0 118 597 9 13
0 0.99 174 597 10 13
2 1.0 210 597 9 13
9 1.0 219 597 10 13
  0.6 246 597 10 14
3 1.0 126 597 9 13
1 1.0 157 597 8 13
4 1.0 237 597 10 13
0 0.95 91 597 12 14
0 0.99 101 597 8 13
5 0.99 202 597 10 15
1 1.0 110 598 6 14
4 0.99 810 877 16 21
  1.0 826 877 16 21
2 0.99 772 879 11 17
4 0.82 788 880 16 18
0 0.88 782 882 10 14
4 0.79 550 977 10 19
  0.92 131 998 7 11
  0.33 212 1010 4 6
  0.85 657 1031 7 10
  0.32 621 1032 4 8
  0.35 596 1035 4 6
  0.77 748 1038 9 11
  0.88 757 1039 10 10
1 0.99 51 1042 5 11
  0.68 787 1058 5 12
  0.9 815 1059 9 16
  0.47 591 1059 4 10
2 1.0 51 1061 7 11
  0.88 127 1062 7 9
7 0.84 668 1069 8 11
  0.45 661 1076 5 7
  0.68 454 1077 3 10
8 1.0 591 1078 9 12
  0.61 431 1079 5 9
  0.99 600 1079 8 12
  0.33 661 1080 5 7
  0.35 366 1093 4 4
  0.95 748 1094 9 12
  0.56 756 1096 8 11
  0.92 665 1102 9 13
  0.99 715 1102 11 18
  0.33 365 1103 7 11
  0.92 674 1104 10 13
  0.81 694 1104 10 15
  0.66 307 1105 8 9
  0.95 726 1105 9 12
  0.96 706 1106 9 11
  0.36 306 1106 5 8
  0.85 707 1111 7 11
3 1.0 736 1111 10 12
  0.78 717 1111 11 11
5 1.0 746 1112 10 12
  0.73 765 1112 9 11
  1.0 756 1113 9 11
7 0.99 794 1116 9 11
1 0.96 805 1117 7 12
  0.38 827 1117 7 11
  0.35 365 1126 7 11
7 0.86 866 1126 7 10
7 0.62 402 1128 8 10
1 0.8 411 1128 7 10
0 0.63 435 1128 7 10
  0.38 341 1129 7 12
7 0.94 262 1129 8 9
1 0.57 299 1129 6 9
  0.58 334 1130 7 8
  0.36 677 1140 16 12
1 0.35 601 1157 9 18
  0.71 452 1191 14 19
  0.9 130 1211 8 9
  0.71 153 1211 6 7
  0.65 322 1212 12 19
7 0.98 537 1223 26 29
4 0.49 268 1239 14 28
  0.63 452 1251 17 21
\\ 0.48 864 15 9 30
\\ 0.69 797 16 7 28
\\ 0.73 910 16 9 27
\\ 0.81 925 16 10 28
\\ 0.68 930 16 9 28
\\ 0.37 934 16 8 27
\\ 0.6 938 16 10 29
^ 0.38 949 16 11 27
* 0.62 963 16 10 33
\\ 0.86 880 16 8 33
\\ 0.8 918 16 8 27
\\ 0.69 872 17 9 32
\\ 0.54 822 17 11 22
\\ 0.76 731 36 7 32
( 0.42 512 37 7 30
. 0.82 683 73 9 28
( 0.94 518 75 9 24
~ 0.88 914 76 7 12
) 0.78 664 76 8 23
( 0.98 739 101 5 11
) 0.89 787 101 5 11
/ 0.85 485 103 7 17
; 0.97 505 105 6 16
. 0.46 764 124 3 8
( 0.75 740 142 5 12
) 0.93 772 143 5 14
$ 0.77 120 168 7 14
$ 0.87 140 169 6 12
$ 0.92 226 169 6 12
' 0.47 559 173 6 12
_ 0.39 395 195 7 11
. 0.36 366 210 4 7
, 0.96 112 213 7 13
\\ 0.57 365 214 5 13
( 0.91 110 214 6 14
\\ 0.46 367 214 5 13
\\ 0.31 106 215 6 11
$ 0.6 160 216 6 9
, 0.92 179 216 7 11
: 0.67 190 216 5 12
_ 0.36 196 216 5 9
$ 0.45 335 216 6 10
_ 0.51 75 217 8 9
\\ 0.84 328 217 7 13
% 0.48 338 217 6 10
_ 0.48 194 218 5 9
\\ 0.7 333 218 6 11
\\ 0.38 709 230 4 16
) 0.33 349 234 7 15
' 0.31 401 234 4 9
\\ 0.93 339 237 6 13
( 0.91 343 237 7 14
_ 0.41 405 237 6 12
\\ 0.35 164 259 4 15
) 0.81 166 259 5 15
" 0.94 182 259 8 17
\\ 0.39 237 259 5 13
, 0.99 240 259 6 16
( 0.78 138 259 4 15
\\ 0.95 203 259 6 15
_ 0.77 606 280 15 18
\\ 0.9 239 282 6 16
* 0.45 196 283 5 12
\\ 0.42 199 283 5 14
( 0.9 201 283 5 15
\\ 0.43 237 283 5 14
" 0.93 203 284 5 15
# 0.42 339 321 6 13
_ 0.65 409 323 13 14
" 0.4 371 328 9 7
( 0.89 186 337 6 13
: 0.93 275 341 3 8
, 0.43 559 348 4 13
( 0.89 116 360 5 15
^ 0.41 82 363 6 9
. 0.4 275 365 3 7
( 0.78 149 382 5 14
) 0.73 175 384 7 13
^ 0.36 938 404 12 27
_ 0.31 558 405 14 22
" 0.38 860 410 5 9
_ 0.5 708 432 14 18
@ 0.78 301 434 8 9
< 0.53 873 435 8 10
= 0.71 859 446 8 10
. 0.54 136 486 3 11
^ 0.47 119 488 6 8
^ 0.99 109 506 8 15
_ 0.92 706 515 17 23
$ 0.69 276 518 7 10
/ 0.81 619 582 34 23
\\ 0.46 381 599 4 13
~ 0.6 270 601 9 8
^ 0.42 938 605 12 28
_ 0.42 52 707 14 26
' 0.41 557 707 15 26
_ 0.39 395 730 21 35
_ 0.53 51 808 15 26
_ 0.33 394 876 22 34
_ 0.98 858 879 17 26
; 0.57 709 888 4 10
_ 0.36 937 909 15 26
_ 0.98 708 949 17 20
_ 0.91 708 992 18 21
_ 0.89 915 992 22 21
: 0.83 110 1026 3 8
] 1.0 850 1033 8 24
\\ 0.31 715 1035 4 10
/ 0.97 58 1042 6 12
* 0.41 652 1051 5 12
\\ 0.85 828 1057 6 19
} 0.87 837 1058 14 18
\\ 0.82 808 1059 7 15
/ 0.94 58 1060 6 12
% 0.37 64 1061 5 10
\\ 0.35 231 1061 4 9
\\ 0.61 579 1074 4 15
& 0.99 108 1078 11 12
\\ 0.54 310 1078 6 10
# 0.39 690 1090 8 9
= 0.33 714 1093 8 7
' 0.44 654 1106 4 9
_ 0.54 220 1117 15 23
_ 0.56 808 1117 19 21
\\ 0.82 567 1125 5 12
? 0.91 881 1126 8 9
@ 0.88 455 1128 7 9
? 0.57 275 1130 9 8
* 0.52 324 1130 7 8
* 0.31 328 1130 5 8
\\ 0.94 666 1152 5 16
/ 0.57 540 1153 17 26
_ 0.75 505 1158 30 38
_ 0.39 136 1160 8 12
_ 0.31 945 1172 23 41
) 0.81 199 1183 6 15
( 0.9 60 1183 5 17
\\ 0.45 754 1186 5 24
\\ 0.91 739 1188 7 22
' 0.44 442 1202 13 13
_ 0.76 365 1205 14 27
= 0.79 504 1221 32 36
] 0.79 556 1229 20 22
" 0.86 243 1234 14 37
_ 0.57 216 1236 23 27
( 0.93 442 1236 14 30
\\ 0.52 399 1239 12 37
\\ 0.82 685 1240 9 34
_ 0.83 663 1243 19 23
( 0.95 703 1244 24 32
_ 0.34 329 1261 25 25
_ 0.66 767 1262 20 21
_ 0.92 610 1264 19 19
