À 1.0 464 32 17 31
Ế 1.0 331 33 18 31
ỵ 0.92 202 67 8 18
Ỳ 0.46 793 72 9 20
ý 1.0 770 74 10 16
í 0.46 50 75 15 30
ứ 0.98 787 94 5 12
Đ 0.84 763 101 8 6
Ỉ 0.43 47 105 18 47
Ề 1.0 458 106 11 17
Ề 0.99 464 106 11 17
Ấ 1.0 768 115 10 14
Ỉ 0.47 317 145 27 37
Ẩ 0.45 347 145 27 38
À 0.43 326 148 35 36
Ù 0.3 360 150 34 33
Ì 0.43 806 162 10 25
Ử 0.96 496 167 7 17
Ú 1.0 480 168 7 18
Ấ 1.0 897 168 9 15
Ú 0.88 519 170 5 15
Ấ 0.99 857 170 10 14
Ứ 1.0 410 170 7 16
Ù 0.99 445 170 7 15
ứ 0.96 891 171 6 12
ù 1.0 761 172 8 12
Ú 1.0 320 172 7 16
Ú 0.99 360 172 5 15
ù 0.92 723 173 5 11
Ù 1.0 269 173 7 19
Í 0.49 43 174 12 32
ù 1.0 689 174 9 12
Ư 0.71 328 174 6 14
Ú 1.0 82 176 7 14
Ư 0.82 120 179 5 11
Ư 0.82 610 179 9 8
Ũ 0.74 606 179 4 8
Ý 0.64 558 189 4 19
À 0.95 861 194 7 12
ừ 0.97 703 196 6 12
Ị 0.61 642 202 6 18
ề 1.0 508 214 8 15
Ừ 0.99 479 217 9 14
Ù 0.78 532 217 8 14
ủ 0.99 474 218 7 13
Đ 0.91 382 218 10 14
Ừ 0.99 420 219 11 13
Ố 0.95 370 219 7 14
Ư 0.65 389 219 8 13
Ở 0.76 398 219 7 13
Ư 0.33 296 220 5 12
Ư 0.7 306 221 4 13
Ư 1.0 408 221 11 11
ủ 0.99 127 221 6 14
À 0.92 165 221 8 13
Ừ 1.0 237 221 10 13
À 0.99 281 221 8 12
Ư 0.95 91 222 5 15
Đ 0.98 79 223 12 13
â 0.46 101 227 4 8
Ý 1.0 298 240 8 15
Ú 0.99 459 240 9 13
Ổ 0.77 304 241 5 15
Ư 0.94 362 242 7 13
Ọ 0.6 366 242 8 14
Ú 0.87 405 242 5 14
Ộ 0.73 389 242 8 14
Ừ 1.0 256 243 10 13
Ư 0.98 247 245 10 11
Ư 0.91 253 245 4 11
ủ 0.91 154 268 6 12
Đ 0.98 79 269 13 13
Ậ 1.0 97 269 8 15
Ư 0.95 92 269 5 13
ụ 1.0 145 272 9 12
Ị 0.56 256 337 9 9
ù 1.0 182 346 8 12
ú 1.0 140 346 9 12
ề 1.0 97 346 9 12
ủ 0.99 136 367 5 13
À 0.76 171 367 10 13
Ơ 0.98 89 368 12 14
Ư 0.91 100 369 5 14
ụ 0.37 103 369 4 15
Í 0.53 32 376 12 33
Ù 0.94 618 376 5 13
Ử 0.77 564 377 4 13
Ú 0.85 543 377 4 13
Ỵ 0.99 493 382 9 13
Ư 0.98 91 390 13 14
Ư 0.97 102 390 5 15
Ậ 1.0 107 391 8 14
ụ 0.99 155 394 8 11
Ợ 0.99 440 401 6 17
Ổ 1.0 888 404 8 13
Ý 0.8 449 405 9 17
Ễ 0.88 346 405 16 19
ù 1.0 827 405 8 12
Ư 0.57 360 405 8 12
Ổ 1.0 702 405 9 15
Ổ 0.85 707 406 5 14
Ý 0.49 293 408 8 18
Đ 1.0 609 408 12 13
Ú 0.94 655 408 5 15
â 1.0 494 410 8 12
Ử 0.95 528 410 5 12
Ề 1.0 533 410 8 12
Ư 1.0 622 410 9 11
Ã 1.0 459 410 8 13
Ù 0.44 304 411 5 15
ú 1.0 317 411 8 13
ù 0.98 359 412 9 12
Ã 1.0 283 413 8 12
Ẩ 1.0 174 420 10 15
Ỷ 1.0 130 422 9 14
Ẹ 0.99 877 473 7 15
Đ 0.94 664 475 12 14
Ị 0.41 959 477 14 33
í 0.59 28 480 18 28
Ề 1.0 880 488 8 13
ú 0.97 875 488 5 13
Ố 1.0 194 490 10 15
ù 1.0 835 490 8 13
đ 0.95 157 491 10 13
ấ 1.0 688 491 8 13
Ử 0.96 683 491 5 13
Đ 0.99 120 492 13 13
Đ 0.97 636 493 12 13
ố 0.99 473 493 11 15
Ư 1.0 133 494 10 11
Ư 1.0 648 494 11 11
Ừ 0.69 501 496 4 10
ù 1.0 335 496 9 13
Ợ 1.0 505 497 9 14
Ư 0.99 494 497 11 10
Ề 1.0 301 497 8 13
Ừ 0.32 879 512 5 14
À 0.89 829 513 11 14
Ù 0.99 683 515 6 13
Ử 0.93 651 515 6 13
Ừ 0.96 511 518 7 13
Ử 0.99 327 520 6 13
Ù 0.97 346 520 6 13
Ị 0.31 22 577 12 34
Ù 0.54 421 579 15 31
Ư 0.43 83 581 14 28
Ư 0.8 567 586 21 21
Í 0.59 959 589 12 23
Í 0.57 20 623 12 40
Í 0.48 18 656 16 37
Ù 0.67 968 659 13 32
í 0.35 415 677 12 35
Ù 0.33 19 678 15 34
Ù 0.52 421 679 14 34
Ù 0.98 968 681 13 30
í 0.39 959 690 11 22
Ư 0.54 84 690 12 22
Ù 0.8 968 709 13 32
Ù 0.86 968 728 14 32
Ù 0.69 968 750 14 31
Í 0.48 12 755 12 41
Í 0.68 10 779 11 34
í 0.31 752 780 10 33
í 0.87 416 780 11 32
Ù 0.76 424 781 13 32
Ù 0.55 17 781 17 31
Ù 0.55 757 782 15 30
í 0.5 745 783 14 58
Ù 0.45 85 790 11 23
Ù 0.65 969 790 13 22
Ư 0.45 965 851 19 31
Ư 0.92 800 866 14 26
Í 0.47 245 880 9 34
Ù 0.74 252 883 14 29
ố 1.0 729 884 11 17
Ồ 1.0 627 888 13 15
è 1.0 506 888 10 15
Ứ 1.0 599 888 10 15
Ừ 0.98 513 888 12 16
Ư 0.98 655 889 12 14
Ơ 1.0 640 890 12 12
í 0.38 755 920 22 45
Ị 0.66 754 968 25 47
Ổ 1.0 137 978 10 15
Ộ 1.0 179 980 9 14
í 0.31 992 982 12 32
ú 0.45 169 1010 5 5
ứ 1.0 136 1028 7 12
ủ 0.54 108 1029 4 11
ứ 0.91 486 1044 3 12
ủ 0.74 461 1044 3 12
ẩ 1.0 453 1045 8 12
Ú 1.0 373 1045 8 12
Ớ 1.0 395 1045 8 12
À 1.0 262 1046 8 11
ú 0.73 310 1046 2 11
Ô 1.0 334 1046 8 11
Ổ 0.99 417 1046 9 11
Ô 1.0 182 1046 8 12
Ơ 0.93 426 1046 8 11
Ậ 1.0 231 1047 8 14
Ừ 1.0 135 1047 7 12
Ù 0.84 123 1048 3 11
Ổ 1.0 912 1059 8 12
Ù 0.75 920 1060 4 11
Ậ 1.0 946 1060 8 14
Ề 1.0 864 1060 6 12
Ú 0.51 809 1060 3 12
ý 1.0 774 1061 8 14
Õ 1.0 823 1061 8 11
Ù 0.95 679 1061 3 12
Ù 0.87 724 1061 3 12
Ừ 1.0 736 1061 8 12
Ù 1.0 613 1061 8 13
Ỵ 1.0 690 1061 8 15
Ư 0.99 903 1061 9 11
ý 1.0 648 1062 7 14
Ô 0.99 661 1062 8 12
Ù 0.71 623 1063 3 11
Ụ 1.0 845 1063 8 11
Ừ 0.87 509 1063 3 11
Ứ 1.0 513 1063 8 11
Ằ 1.0 279 1063 8 13
Ậ 1.0 438 1063 8 14
À 1.0 469 1063 8 12
Ử 1.0 366 1064 7 12
Ậ 1.0 399 1064 8 13
ứ 1.0 326 1064 9 12
Ừ 0.94 395 1064 4 11
À 1.0 192 1064 8 12
À 1.0 232 1064 7 12
ạ 0.99 669 1064 9 12
Ấ 1.0 127 1065 8 11
À 1.0 257 1065 8 11
Ứ 0.83 158 1066 4 10
ỵ 0.85 240 1068 8 10
ề 1.0 601 1078 8 14
Ấ 1.0 545 1079 8 14
Ẩ 1.0 286 1080 8 13
Ở 1.0 359 1081 8 12
Ớ 1.0 503 1081 8 12
Ý 1.0 477 1081 8 12
Ứ 0.65 541 1081 3 12
ấ 0.46 585 1081 3 11
Ử 0.94 409 1082 4 11
Ậ 1.0 414 1082 7 14
Ậ 1.0 215 1082 9 14
À 0.99 246 1082 8 12
À 1.0 304 1082 7 11
À 1.0 113 1083 7 11
Ư 0.94 277 1083 9 11
À 0.99 177 1083 7 11
Ơ 0.99 338 1084 8 9
ạ 0.99 576 1084 7 10
ĩ 0.77 525 1098 10 19
ủ 1.0 885 1104 8 13
Ư 0.3 394 1105 16 13
Ổ 1.0 487 1105 9 12
Ả 1.0 580 1106 7 13
ù 1.0 757 1106 8 12
ý 1.0 915 1106 8 17
á 1.0 714 1106 8 11
Ý 1.0 613 1106 8 16
Ấ 0.61 346 1109 8 12
ự 1.0 425 1111 8 11
Ý 0.47 380 1132 7 12
ý 1.0 187 1162 11 17
ứ 1.0 157 1162 11 13
Ỵ 0.62 812 1172 9 23
Ù 0.45 770 1179 9 24
ú 0.36 763 1183 5 5
Ú 0.57 595 1184 17 18
Ỳ 0.67 564 1185 23 27
à 1.0 194 1186 8 14
Ề 1.0 215 1186 8 13
Ỏ 1.0 141 1187 10 13
Ỵ 1.0 168 1190 9 12
Ỵ 0.98 708 1195 13 22
Í 0.91 304 1202 17 30
Ỵ 0.86 440 1202 30 39
Ụ 0.56 564 1202 16 12
Ư 0.95 416 1205 27 29
Ữ 0.96 142 1210 7 14
ứ 0.87 172 1212 6 6
ĩ 0.67 309 1236 24 32
Ị 0.69 567 1237 15 27
Ụ 0.98 607 1237 18 27
Ổ 1.0 445 1246 17 30
í 0.43 85 1247 21 28
Ị 0.96 301 1247 34 48
ù 1.0 168 1248 8 13
í 0.35 332 1256 15 29
í 0.67 814 1257 20 30
Ư 0.43 143 1269 10 9
Đ 0.77 152 1269 10 10
ú 0.91 168 1271 6 8
ú 0.41 171 1271 5 8
Ộ 0.44 332 1280 9 10
l 0.68 930 34 5 20
D 0.94 642 34 16 26
H 1.0 712 34 17 26
l 0.81 935 34 5 21
0 0.99 656 35 17 26
l 0.93 897 36 7 18
l 0.99 902 36 8 17
l 0.78 918 36 5 17
P 0.98 541 36 16 25
l 0.85 586 36 7 24
H 1.0 611 36 18 25
M 0.89 909 36 6 19
l 0.72 913 36 5 17
G 0.79 505 37 13 25
N 1.0 696 37 17 25
U 0.89 347 37 16 28
N 1.0 597 37 15 25
l 1.0 620 37 15 25
G 0.95 376 37 16 25
l 0.71 860 37 7 17
l 0.55 872 37 6 17
  1.0 495 37 16 26
K 0.96 566 37 14 25
l 0.84 844 37 5 18
M 0.89 846 37 6 18
l 0.85 875 37 6 18
M 0.93 881 37 7 17
l 0.86 889 37 6 17
0 0.87 419 38 18 26
N 0.99 482 38 17 24
  1.0 517 38 16 24
l 0.95 825 38 6 17
T 0.91 831 38 6 16
l 0.87 841 38 6 17
l 0.89 868 38 6 16
M 0.71 395 38 16 26
H 1.0 448 38 16 25
  0.82 560 38 12 23
l 0.72 795 38 4 17
l 0.75 809 38 6 16
l 0.94 815 38 9 16
l 0.49 854 38 6 17
l 0.67 323 39 7 25
l 0.86 792 39 4 16
l 0.91 393 39 9 25
A 0.98 406 39 12 25
l 0.77 800 39 7 17
H 1.0 304 40 16 25
  0.66 362 40 15 24
P 0.99 287 40 17 26
  0.38 942 50 8 21
j 0.8 934 51 6 22
l 0.85 926 53 6 19
l 0.81 918 54 5 19
l 0.94 851 56 14 37
l 0.8 882 58 9 26
l 0.39 864 59 9 18
V 0.94 832 60 12 16
l 0.88 810 62 11 33
1 0.9 110 64 18 19
l 0.82 840 64 12 29
  0.98 829 65 11 28
t 0.96 865 65 12 29
T 0.93 168 68 11 16
I 0.94 180 68 12 15
J 0.72 189 68 11 16
m 0.98 130 68 17 16
1 0.46 142 68 7 16
5 1.0 151 69 11 15
y 0.98 101 69 11 15
  0.86 978 69 15 15
M 0.99 846 69 14 24
I 0.44 945 70 5 12
C 0.99 950 70 12 13
M 1.0 962 71 15 12
  0.99 832 71 13 22
1 0.92 898 72 7 19
h 0.98 786 72 9 13
i 0.96 881 72 10 21
F 0.85 891 72 10 21
F 0.97 935 72 13 18
K 1.0 759 72 11 13
r 0.98 922 72 14 18
t 0.41 877 73 8 19
  1.0 688 73 16 20
  0.95 906 73 8 17
S 1.0 669 73 15 20
l 0.96 902 73 9 19
J 0.8 645 74 13 19
S 1.0 606 74 13 19
A 0.75 621 74 17 19
L 0.99 629 74 19 20
E 1.0 652 74 14 19
L 1.0 640 74 11 18
F 0.99 548 74 12 19
R 1.0 579 75 16 18
  0.53 594 75 11 18
T 0.99 499 75 12 19
E 1.0 515 76 15 19
o 1.0 563 76 15 18
o 0.99 482 76 18 19
W 0.99 472 76 14 19
  0.99 533 76 13 20
N 0.86 466 77 14 18
T 0.94 506 77 8 16
Y 1.0 442 77 16 19
R 1.0 426 77 15 19
E 1.0 410 78 14 18
t 0.54 363 78 14 20
V 1.0 391 78 14 18
E 1.0 357 78 12 18
l 0.71 384 78 7 19
L 0.99 370 79 13 18
D 1.0 338 79 15 19
s 1.0 763 94 10 12
e 0.99 773 98 8 8
a 0.99 792 98 8 8
r 1.0 781 98 6 8
1 0.4 788 101 5 6
c 0.99 520 106 12 17
o 0.99 535 107 14 16
L 1.0 441 108 10 15
i 0.58 453 108 4 15
1 0.62 456 108 5 15
  0.73 566 110 10 16
y 0.98 559 110 11 17
p 0.99 547 110 11 17
  0.98 481 111 9 13
  0.91 554 111 8 12
n 1.0 472 111 10 12
s 1.0 759 117 9 13
N 0.99 765 139 13 13
o 0.87 778 143 9 9
  0.31 346 158 21 17
l 0.71 946 162 8 26
  0.35 297 168 8 17
h 1.0 882 170 10 13
s 1.0 848 171 9 13
T 0.81 560 171 9 14
I 0.39 557 171 6 14
0 0.32 485 172 5 14
H 0.99 543 172 8 12
N 0.98 536 172 8 12
1 0.32 488 173 5 13
h 1.0 751 173 10 12
M 0.89 525 173 8 12
W 0.8 531 173 8 12
i 0.52 547 173 7 12
  0.34 550 173 8 12
1 0.71 570 173 8 12
l 0.82 464 173 7 12
H 0.98 458 174 7 12
H 0.99 490 174 7 11
C 0.98 506 174 6 11
H 0.97 512 174 8 11
H 0.56 426 174 7 12
T 0.74 430 174 8 12
H 0.99 439 174 7 12
N 0.98 452 174 7 12
H 0.99 474 174 6 12
N 1.0 666 174 14 12
p 1.0 873 174 9 13
H 0.99 424 174 6 12
P 0.89 468 174 6 12
u 0.9 905 174 10 9
N 0.99 365 175 8 12
H 0.98 384 175 7 11
N 0.99 417 175 7 11
c 0.88 377 175 7 12
H 0.96 404 175 6 11
h 0.99 600 175 9 12
w 0.96 345 175 7 13
K 1.0 589 175 11 12
N 0.98 396 176 8 11
N 0.99 332 176 8 12
  0.58 337 176 7 11
G 0.98 340 176 7 13
M 0.97 298 176 8 12
n 0.99 770 176 9 8
g 0.99 780 176 9 13
I 0.78 266 177 4 12
N 0.98 284 177 8 12
T 0.68 307 177 7 12
H 0.99 313 177 8 11
Y 0.98 352 177 8 11
g 1.0 714 177 9 12
C 0.91 212 177 7 12
R 0.99 224 177 7 12
l 0.75 242 177 5 12
A 0.95 290 177 8 11
g 1.0 680 177 9 12
y 1.0 698 177 10 13
a 0.96 728 177 9 8
o 0.91 736 177 9 8
C 0.97 186 177 7 12
L 0.92 202 177 6 12
T 0.97 218 177 7 12
N 0.98 236 177 8 12
c 0.79 247 177 6 12
M 0.99 259 177 9 12
T 0.97 276 177 6 12
s 0.96 168 178 5 12
N 0.99 179 178 7 11
E 0.94 195 178 7 11
E 0.91 207 178 6 11
A 0.69 153 178 7 11
U 0.83 173 178 6 11
  0.36 189 178 6 11
M 0.98 159 178 9 11
N 0.99 88 179 8 12
G 0.97 96 179 6 12
Y 0.96 110 179 10 12
N 0.99 124 179 9 11
c 0.99 76 179 6 12
T 0.98 104 179 8 12
H 0.98 131 179 7 11
H 0.96 138 179 7 12
N 1.0 903 194 11 11
l 0.88 856 194 6 13
D 1.0 837 194 13 13
D 1.0 746 195 12 13
l 0.31 560 196 6 13
l 0.88 698 196 6 12
D 1.0 678 197 12 11
t 0.97 765 197 5 11
C 1.0 530 197 9 11
T 0.67 552 197 9 11
  0.93 567 197 10 11
A 0.98 508 197 11 11
N 1.0 519 197 11 11
I 0.3 537 197 7 11
H 1.0 540 197 11 11
l 0.41 943 197 12 60
v 0.99 866 197 9 10
B 0.95 490 198 8 11
R 0.99 501 198 8 10
e 0.99 849 198 8 9
r 0.95 882 198 7 8
y 0.97 889 198 8 13
0 0.84 916 198 7 8
C 1.0 478 198 9 10
P 1.0 589 198 9 12
C 1.0 456 199 10 9
M 1.0 466 199 12 9
K 0.81 473 199 9 10
t 0.32 516 199 7 10
1 0.35 441 199 5 11
e 0.96 770 199 8 8
G 0.99 324 200 9 12
U 0.99 333 200 9 12
c 0.99 379 200 10 11
o 0.94 389 200 8 11
L 0.98 405 200 8 8
T 0.91 413 200 9 8
D 0.99 421 200 10 8
  0.86 432 200 9 9
H 1.0 445 200 11 8
r 0.66 723 200 8 8
y 0.98 730 200 9 13
e 0.99 691 200 8 8
v 0.99 708 200 8 8
Y 0.99 343 200 11 8
N 0.99 363 200 9 8
T 0.9 372 201 6 10
T 0.99 274 201 9 11
H 1.0 282 201 11 11
A 0.99 294 201 11 11
  0.73 398 201 7 10
a 0.86 602 201 8 9
I 0.52 290 201 4 7
O 0.97 202 202 11 11
C 1.0 228 202 9 11
  0.71 736 202 11 12
C 0.99 176 202 9 11
N 1.0 213 202 11 11
I 0.82 224 202 5 11
S 0.99 237 202 8 6
V 0.99 249 202 11 10
N 1.0 259 202 10 10
t 0.39 306 202 6 10
N 1.0 314 202 11 10
E 0.99 354 202 10 9
T 0.99 184 202 11 11
R 0.99 194 202 9 11
m 0.75 220 202 8 6
  0.97 426 202 10 9
n 0.72 611 202 7 8
1 0.5 113 202 4 6
G 1.0 135 202 9 12
L 0.99 159 202 9 11
E 0.99 168 202 8 11
U 0.96 114 203 11 11
1 0.56 143 203 8 10
E 0.98 150 203 9 10
  0.37 244 203 7 11
G 0.89 326 203 11 10
1 0.32 182 203 7 10
s 0.99 76 203 8 11
N 0.81 123 203 7 5
N 1.0 124 203 11 11
C 0.73 481 203 12 9
M 1.0 94 204 12 10
s 1.0 106 204 8 10
A 1.0 83 204 11 10
I 0.97 102 204 4 10
  0.61 130 204 6 10
a 1.0 463 217 15 14
T 0.9 486 218 8 12
H 1.0 455 218 12 13
  0.41 484 218 6 12
u 0.97 498 218 13 13
  0.79 525 218 7 12
  0.66 542 221 7 9
h 1.0 271 221 10 13
B 0.99 296 221 10 12
j 0.51 377 221 6 11
h 1.0 118 221 10 14
d 0.9 155 221 11 14
T 1.0 227 221 11 13
A 0.9 144 222 12 14
T 1.0 445 222 11 14
u 0.99 518 222 9 8
t 0.98 312 222 5 11
n 0.61 426 222 11 10
q 1.0 433 222 10 10
g 0.97 439 222 8 13
  0.68 374 223 6 9
o 0.98 342 223 9 10
a 0.38 328 224 8 9
  0.68 352 224 8 9
e 0.95 319 224 8 9
x 0.97 324 224 9 9
c 0.99 333 224 8 9
r 0.67 171 224 9 11
  0.45 347 224 6 10
a 0.98 247 225 9 9
n 0.99 262 225 9 9
s 0.98 187 225 7 9
s 0.96 194 225 6 10
  0.37 350 225 5 9
g 0.3 437 225 11 19
c 0.99 111 226 7 10
a 0.93 96 227 8 9
l 0.62 552 237 13 15
  0.97 560 237 14 15
c 0.99 526 238 12 14
6 0.97 502 239 9 13
H 1.0 514 239 12 12
M 0.45 535 239 8 13
M 0.99 538 239 13 13
F 1.0 478 239 10 14
h 0.66 489 239 7 13
a 0.99 448 239 10 14
x 0.99 493 239 9 13
1 0.88 474 240 9 12
h 0.98 441 240 9 13
T 0.57 430 240 10 13
e 0.88 352 241 8 13
Q 0.85 369 241 11 15
  0.88 357 241 7 13
h 0.98 464 241 10 11
h 1.0 238 242 9 14
N 0.99 322 242 11 13
B 1.0 289 242 9 14
P 1.0 229 242 9 14
h 0.99 342 243 9 13
u 0.99 380 243 11 12
h 1.0 469 244 9 9
  0.57 407 244 6 10
g 0.98 332 244 10 14
  0.46 420 244 4 11
1 0.44 396 245 6 9
n 0.98 399 245 9 8
  0.38 312 245 8 10
n 0.99 306 246 10 9
n 0.99 265 247 9 9
g 0.99 274 247 9 13
T 0.38 942 257 12 33
S 1.0 586 263 9 14
  0.47 203 266 5 14
T 0.99 171 267 11 14
h 1.0 126 268 10 13
l 0.83 189 268 6 13
  0.31 160 269 5 11
t 0.97 121 270 5 12
o 0.98 136 271 9 10
e 1.0 181 271 8 10
n 0.99 106 273 9 8
L 0.72 810 274 9 21
F 1.0 80 293 9 13
a 0.99 89 297 8 9
X 1.0 97 297 8 9
  0.5 952 305 13 15
v 1.0 918 306 13 12
N 1.0 930 306 13 14
D 0.99 943 306 12 13
C 1.0 842 308 11 13
y 0.99 901 310 11 15
c 0.99 895 311 6 9
r 0.83 864 311 7 9
r 0.89 870 311 7 9
e 0.85 877 311 8 9
n 0.99 885 311 9 9
u 0.9 854 312 10 8
1 0.58 80 341 5 19
c 0.98 221 344 11 13
h 1.0 157 345 10 13
h 1.0 172 345 11 12
h 0.99 131 345 9 13
T 1.0 87 346 12 13
k 1.0 122 346 9 12
u 0.92 231 346 9 11
t 0.79 247 346 5 11
n 0.7 259 347 7 10
  0.31 292 347 9 10
n 0.79 263 347 11 10
r 0.87 280 348 7 8
s 0.94 240 348 8 9
n 0.99 191 349 9 8
g 1.0 202 349 8 13
c 0.99 149 350 8 8
n 0.99 106 350 9 8
c 1.0 563 354 10 13
M 1.0 574 354 11 14
K 1.0 538 355 10 13
H 1.0 554 355 9 13
N 1.0 506 355 9 13
M 1.0 527 355 11 13
T 0.99 515 356 11 12
h 0.99 379 356 8 14
S 1.0 414 356 10 14
c 1.0 344 357 10 13
l 0.37 362 357 3 13
p 1.0 370 360 8 13
n 0.99 397 360 8 10
e 1.0 407 360 8 10
o 0.99 388 360 9 10
e 1.0 354 360 8 10
d 0.76 164 367 9 12
h 1.0 126 368 10 12
A 0.94 151 368 12 12
r 0.95 179 370 8 9
e 0.95 186 370 8 9
s 0.92 194 371 6 9
s 0.83 200 371 6 9
c 0.99 119 372 7 9
a 0.98 105 372 8 9
Q 1.0 745 374 12 17
N 1.0 857 374 11 12
M 1.0 829 374 12 12
v 1.0 846 374 12 12
C 0.99 819 375 10 12
H 1.0 808 375 10 12
h 1.0 637 376 8 13
L 1.0 709 376 8 12
P 0.99 628 376 9 13
N 1.0 674 376 10 12
h 0.99 535 377 8 14
h 0.99 578 377 8 12
K 1.0 592 377 10 13
h 1.0 602 377 8 12
M 0.99 553 377 11 13
T 1.0 523 378 12 13
a 0.97 765 378 8 10
u 0.99 756 378 9 10
n 0.99 774 378 9 10
g 1.0 685 379 9 13
a 0.96 717 379 7 9
o 0.97 725 379 9 9
N 1.0 464 379 11 13
a 0.91 646 379 8 10
u 0.98 694 379 8 10
m 1.0 655 380 14 9
a 0.94 610 380 8 10
n 1.0 569 380 9 10
g 1.0 475 381 9 13
e 0.94 501 381 9 11
u 0.98 485 382 8 10
n 0.98 511 382 8 9
l 0.8 203 389 6 14
h 1.0 137 390 9 12
i 0.83 164 390 5 12
T 1.0 184 390 11 12
t 0.98 131 392 5 11
e 0.97 194 393 8 9
o 0.96 146 394 10 8
n 0.99 115 394 10 8
T 0.89 742 397 10 13
R 0.99 448 402 10 8
m 0.99 368 402 9 8
8 0.92 345 403 8 7
r 0.73 356 403 6 7
T 0.32 437 403 4 7
z 0.89 352 403 5 7
N 1.0 805 405 9 15
h 1.0 859 405 10 12
l 0.74 454 405 5 17
h 1.0 673 407 10 12
n 0.99 897 409 9 8
y 0.99 836 409 9 13
c 0.99 851 409 8 9
u 0.99 869 409 10 8
y 0.99 878 409 10 13
g 1.0 818 409 9 13
h 1.0 484 410 9 12
n 1.0 711 411 9 8
k 1.0 298 411 10 13
c 1.0 666 411 7 9
h 1.0 333 412 10 12
v 0.99 646 412 10 8
u 0.99 683 412 10 8
y 0.99 693 412 9 12
h 1.0 307 412 10 12
n 0.99 629 412 11 8
M 1.0 268 413 14 13
v 0.99 518 413 11 9
n 0.99 542 413 9 9
n 0.99 503 414 9 8
n 0.99 474 414 10 8
n 0.82 368 415 10 9
g 0.95 377 415 9 13
c 0.99 326 415 7 9
s 1.0 122 422 9 14
h 1.0 165 422 10 14
m 0.98 184 427 14 8
p 1.0 155 427 10 13
n 1.0 140 427 9 9
f 0.82 844 427 10 18
D 1.0 800 428 12 14
  0.93 889 429 10 15
t 0.83 857 429 5 12
t 0.88 820 429 5 12
  0.87 662 430 10 17
b 0.98 689 431 9 12
T 0.99 624 431 12 13
e 0.98 897 431 7 9
r 0.98 905 431 6 9
r 0.9 862 432 7 9
e 0.91 825 432 7 9
0 0.98 839 432 9 10
s 0.81 885 432 7 10
a 0.78 812 432 8 9
l 0.69 466 433 5 14
N 1.0 522 433 14 12
S 1.0 450 433 8 14
y 0.66 698 434 7 15
r 0.82 677 434 6 9
s 0.97 657 434 8 9
e 0.92 669 434 8 9
N 0.99 352 435 13 13
n 0.71 648 435 10 9
r 0.89 634 435 8 8
c 1.0 279 436 12 14
e 0.96 471 436 8 10
0 0.91 534 436 8 9
s 0.85 478 437 7 9
n 0.99 506 437 9 8
t 0.91 306 437 5 11
a 0.77 458 437 8 9
J 0.74 661 438 7 10
u 0.91 290 439 9 10
s 0.97 298 439 7 9
d 0.96 158 444 9 14
P 1.0 134 446 10 12
t 0.92 181 446 6 12
c 0.96 174 449 8 9
u 0.96 166 449 9 9
r 0.99 144 450 7 9
L 0.92 687 476 9 13
I 0.38 409 478 7 16
h 1.0 826 489 9 13
h 0.99 854 489 10 13
T 1.0 815 489 11 14
t 0.98 869 490 6 11
h 0.99 172 491 8 13
  0.39 166 492 7 12
  0.57 896 493 10 9
n 0.99 888 493 10 8
n 0.99 844 493 10 8
s 1.0 464 495 9 13
l 0.92 488 495 5 13
s 1.0 186 495 7 9
n 1.0 141 496 10 8
  0.71 546 496 11 17
n 0.99 657 496 10 9
g 1.0 674 496 9 13
h 1.0 326 497 9 12
T 1.0 291 497 12 13
g 0.99 523 498 10 13
n 1.0 513 498 10 9
n 1.0 309 501 11 8
n 0.99 345 501 9 8
g 0.99 354 501 9 13
a 0.99 897 512 7 15
O 0.98 148 514 12 13
N 1.0 166 514 13 13
S 1.0 133 515 9 13
u 1.0 633 516 14 14
n 0.67 873 516 11 10
  0.76 700 516 8 12
m 0.42 843 516 13 10
u 0.53 862 516 12 10
1 0.54 663 517 7 12
e 0.85 695 517 7 11
Q 1.0 469 517 15 20
r 0.88 665 517 8 13
m 0.53 842 517 8 9
0 0.93 178 518 8 8
t 0.43 656 518 9 11
t 0.92 516 518 6 13
  0.59 545 518 11 20
u 0.94 645 519 11 11
c 0.93 689 519 7 9
t 0.93 506 520 6 11
7 0.73 706 520 7 10
r 0.88 676 520 8 8
m 0.98 678 520 13 14
p 0.97 667 520 9 13
D 0.99 288 520 12 14
a 0.81 483 521 14 12
y 1.0 523 521 10 16
n 0.74 496 522 9 9
t 0.95 341 522 5 11
u 0.97 480 522 9 9
p 0.98 331 524 10 14
e 0.94 300 524 7 9
s 0.99 308 524 6 9
c 0.97 314 524 7 9
7 0.36 318 524 7 9
r 0.99 321 524 7 9
G 1.0 359 593 11 14
C 1.0 330 594 11 13
w 1.0 382 594 20 13
P 1.0 286 594 10 13
S 1.0 340 594 10 13
E 0.99 351 594 8 13
E 0.99 262 594 8 14
B 0.99 271 594 9 14
w 0.99 370 594 18 13
T 1.0 158 596 12 13
P 1.0 102 596 9 14
O 0.98 110 596 12 14
N 1.0 150 596 10 13
G 1.0 359 629 11 13
w 1.0 370 629 17 13
P 1.0 287 629 9 14
C 1.0 330 629 11 14
S 1.0 341 629 9 14
E 1.0 351 629 9 14
w 1.0 384 629 17 13
E 1.0 262 630 8 13
B 1.0 271 630 9 13
T 0.99 159 631 11 14
N 1.0 150 631 10 13
o 0.95 111 632 11 13
P 1.0 102 632 10 14
C 1.0 331 664 10 15
S 1.0 341 664 9 14
E 0.99 351 664 9 14
G 0.99 360 664 10 14
B 1.0 272 664 9 15
P 1.0 287 664 9 14
W 1.0 370 664 17 13
w 1.0 383 664 18 13
E 0.99 263 665 8 13
N 1.0 150 666 10 14
T 0.99 159 666 12 14
O 0.98 111 666 11 14
P 1.0 102 667 10 13
S 1.0 341 699 9 14
G 1.0 360 699 11 14
E 1.0 263 700 8 13
B 1.0 272 700 9 13
P 1.0 287 700 9 13
C 1.0 331 700 10 13
E 1.0 352 700 8 13
w 1.0 370 700 17 13
W 0.99 384 700 17 12
N 1.0 150 701 9 12
O 0.99 112 701 11 13
r 0.32 157 701 5 13
T 0.99 160 701 11 13
P 1.0 103 702 9 11
b 0.94 273 706 7 7
r 0.62 287 707 5 6
I 0.66 307 707 5 6
N 0.41 329 707 9 6
L 0.81 263 707 6 6
U 0.51 113 708 12 8
J 0.61 131 708 7 6
  0.57 141 708 7 7
l 0.5 746 729 14 38
  0.34 362 732 8 5
  0.95 394 732 23 16
C 0.99 331 733 10 14
c 0.32 342 733 9 4
w 0.91 371 733 19 13
S 1.0 341 733 10 14
E 1.0 352 733 10 14
G 1.0 362 733 10 14
l 0.3 408 733 18 15
1 0.93 172 733 10 15
0 0.97 234 733 8 14
E 1.0 263 733 9 14
B 1.0 273 733 9 14
P 1.0 288 733 9 14
1 0.62 296 733 5 15
M 0.85 383 733 13 15
T 1.0 162 734 11 14
o 1.0 113 734 13 14
N 0.99 152 734 9 14
P 1.0 104 735 10 13
  0.35 281 736 7 10
  0.47 808 869 10 15
o 0.95 844 872 14 12
O 0.84 831 874 18 24
A 1.0 686 886 17 16
T 1.0 698 886 14 15
V 0.97 669 887 15 14
K 1.0 494 887 16 17
h 1.0 588 888 13 15
h 1.0 548 888 12 15
t 0.97 542 889 6 13
  0.97 575 889 13 14
s 0.99 718 891 9 10
h 0.32 528 891 12 12
  0.97 618 891 11 11
e 1.0 560 892 10 11
o 0.96 570 892 10 11
a 0.99 610 892 10 10
n 1.0 650 892 13 9
u 0.6 538 892 16 12
b 0.42 587 892 5 11
m 0.95 518 893 17 10
T 1.0 127 980 11 12
c 0.99 172 983 7 9
g 0.98 199 984 8 13
n 0.99 147 984 10 8
n 0.99 189 984 9 8
g 1.0 157 984 8 13
T 1.0 149 1002 12 13
l 0.87 180 1002 5 14
t 0.94 168 1003 5 12
0 0.95 160 1005 8 10
a 0.96 172 1006 8 9
1 0.88 549 1010 6 10
L 0.33 753 1010 6 8
G 1.0 87 1029 10 12
h 0.98 99 1029 7 11
h 0.99 126 1030 7 10
I 0.36 132 1031 4 9
c 1.0 117 1032 8 8
h 0.99 498 1044 8 11
h 0.98 478 1045 7 11
h 0.97 302 1046 7 11
k 0.99 318 1046 7 11
h 0.99 326 1046 7 11
h 0.99 387 1046 7 11
t 0.95 448 1046 4 10
h 0.99 174 1046 7 11
h 1.0 253 1046 8 11
k 1.0 293 1046 8 11
i 0.4 307 1046 4 11
h 0.99 223 1047 7 10
r 0.55 384 1047 6 10
i 0.35 410 1047 6 10
v 1.0 104 1047 10 11
l 0.67 131 1047 4 12
n 0.99 490 1047 7 9
n 0.99 435 1048 7 8
c 0.99 469 1048 8 8
k 0.96 166 1048 7 11
a 0.99 404 1048 9 9
g 1.0 352 1048 8 12
c 0.99 365 1048 8 9
g 0.99 280 1049 8 11
n 0.99 344 1049 7 8
  0.62 359 1049 6 9
f 0.39 128 1049 3 9
n 0.99 214 1049 7 9
n 0.99 271 1049 8 9
n 0.99 192 1049 7 9
n 0.99 240 1049 8 9
g 0.99 200 1050 8 11
n 0.85 144 1050 7 8
u 0.98 115 1050 7 8
g 0.99 153 1051 7 10
h 0.99 938 1060 7 11
h 0.99 801 1060 7 11
h 0.98 837 1060 6 11
l 0.62 733 1061 3 12
k 0.99 767 1061 8 12
t 0.96 858 1061 4 11
l 0.63 687 1062 3 11
s 0.99 535 1063 10 11
n 1.0 956 1063 7 8
n 0.99 930 1063 7 8
h 0.99 461 1063 7 11
n 1.0 873 1063 7 9
n 1.0 886 1063 7 9
h 0.98 430 1064 7 10
r 0.99 818 1064 4 8
g 1.0 894 1064 8 11
n 0.99 745 1064 8 9
g 0.99 754 1064 8 12
g 1.0 792 1064 8 12
b 0.99 271 1064 7 12
h 0.99 318 1064 7 11
u 0.99 716 1064 7 9
q 0.99 631 1065 8 11
v 0.99 707 1065 8 8
h 0.98 184 1065 6 11
l 0.82 253 1065 3 11
g 1.0 501 1065 7 12
s 0.99 567 1065 7 9
n 0.95 584 1065 8 9
g 0.99 592 1065 8 12
u 0.99 640 1065 7 9
P 1.0 105 1066 9 10
h 0.99 115 1066 7 10
i 0.83 123 1066 3 10
a 0.99 522 1066 8 8
a 0.99 545 1066 8 8
m 0.99 554 1066 12 8
u 0.97 575 1066 7 8
v 0.99 606 1066 7 7
n 0.99 447 1066 8 8
n 0.99 479 1066 7 8
c 1.0 409 1066 7 9
n 0.99 421 1066 8 8
g 0.99 487 1066 8 12
X 0.4 313 1067 7 9
n 0.99 336 1067 8 8
c 1.0 358 1067 7 9
a 0.99 375 1067 8 8
  0.45 406 1067 6 9
g 0.99 297 1067 8 12
c 1.0 310 1067 7 9
g 0.99 344 1067 8 11
v 0.99 387 1067 9 8
g 0.99 150 1068 7 11
g 0.99 210 1068 7 11
n 0.99 224 1068 7 8
n 0.99 288 1068 8 8
1 0.38 383 1068 5 6
u 0.96 136 1068 8 8
n 0.96 202 1068 7 8
a 0.99 162 1068 8 9
o 0.93 170 1068 8 8
a 0.38 145 1069 4 7
h 0.99 533 1081 7 11
k 0.97 525 1081 7 11
h 0.99 381 1082 7 10
t 0.5 486 1082 4 10
l 0.4 300 1083 3 11
h 0.99 207 1083 7 10
h 0.98 237 1083 8 11
h 0.99 105 1083 7 11
s 0.99 615 1083 6 9
a 0.94 622 1083 8 9
u 0.98 631 1084 8 8
c 0.99 495 1084 7 9
c 1.0 512 1084 8 9
u 0.99 554 1084 8 9
n 0.99 568 1084 7 8
v 0.99 592 1084 8 8
l 0.37 627 1084 4 9
  0.35 398 1084 6 9
c 0.99 423 1084 7 9
m 0.99 452 1084 12 9
c 0.99 330 1085 7 8
s 1.0 351 1085 7 8
o 0.95 389 1085 8 8
  0.35 394 1085 6 8
x 1.0 435 1085 7 8
x 1.0 469 1085 7 8
g 0.99 168 1085 7 11
T 0.76 320 1085 7 8
c 0.99 373 1085 7 8
v 0.98 402 1085 7 8
n 0.95 159 1085 8 8
n 0.99 224 1085 8 8
  0.32 232 1085 5 8
n 0.99 256 1085 7 8
m 0.97 313 1085 11 8
n 0.98 198 1086 7 7
g 0.99 264 1086 8 11
n 0.99 122 1086 8 8
g 0.99 131 1086 7 11
3 0.39 139 1086 5 9
y 0.91 185 1086 7 11
T 0.98 808 1099 14 18
T 0.65 650 1101 14 16
  0.31 397 1104 24 61
l 0.91 911 1104 3 13
Q 1.0 862 1105 13 16
h 0.99 732 1106 8 13
h 1.0 705 1106 9 13
K 1.0 693 1106 11 11
h 1.0 747 1106 9 11
v 0.99 413 1107 13 10
B 0.99 570 1107 9 10
J 0.3 701 1107 6 10
a 0.51 311 1107 8 13
h 0.99 458 1107 8 10
K 1.0 303 1108 11 9
h 1.0 315 1108 8 9
7 0.3 421 1108 6 12
  0.31 739 1108 7 9
n 0.99 894 1109 10 9
u 1.0 874 1110 11 7
n 0.97 433 1110 9 10
v 0.99 604 1110 9 9
c 1.0 724 1110 7 7
n 0.99 766 1110 8 7
g 0.99 776 1110 8 13
v 0.95 478 1111 9 6
o 0.98 589 1111 8 6
  0.31 763 1111 4 6
o 0.82 324 1111 10 6
  0.68 334 1111 7 9
n 0.99 496 1111 9 9
c 0.99 450 1112 7 8
u 0.95 468 1112 9 8
y 1.0 477 1112 10 12
M 1.0 862 1128 15 13
G 0.99 580 1129 11 13
C 0.99 707 1129 10 12
h 0.99 317 1130 9 13
T 1.0 418 1130 11 12
m 0.98 879 1130 14 12
t 0.88 732 1130 6 12
W 1.0 282 1130 15 13
t 0.93 599 1130 6 12
t 0.93 481 1131 6 11
a 0.48 363 1131 12 14
a 0.86 893 1131 10 10
r 0.35 920 1131 8 11
a 0.79 877 1132 8 9
8 0.9 901 1132 10 13
r 0.91 918 1132 7 9
s 0.99 725 1133 7 8
m 0.84 745 1133 11 9
0 0.64 326 1133 7 9
a 0.98 590 1133 9 9
e 0.96 604 1133 8 9
u 0.97 717 1133 9 8
r 0.84 765 1133 7 8
r 0.82 474 1133 8 9
e 0.96 486 1133 8 9
r 0.98 494 1133 7 9
e 0.97 310 1133 8 10
u 0.91 333 1133 10 10
r 0.97 428 1133 7 9
p 0.99 456 1133 12 14
r 0.99 304 1134 7 8
s 0.97 342 1134 7 8
e 0.99 349 1134 8 8
a 0.93 296 1134 7 8
  0.5 709 1148 11 15
Z 0.85 680 1154 21 25
  0.48 818 1154 16 25
N 0.85 671 1156 18 20
L 0.76 799 1158 8 17
2 0.67 713 1158 21 22
l 0.8 810 1160 13 24
k 1.0 179 1162 10 13
h 1.0 147 1162 10 13
C 1.0 136 1162 11 13
  0.47 171 1165 8 9
p 0.88 707 1165 9 10
Z 0.42 269 1170 19 22
  0.75 775 1179 11 23
8 0.62 752 1181 8 18
  0.53 575 1182 18 19
k 0.68 585 1184 16 18
G 1.0 101 1186 12 14
i 0.61 122 1186 9 14
h 1.0 158 1186 10 13
h 1.0 113 1187 11 13
t 0.95 209 1187 6 12
n 1.0 224 1190 10 9
y 0.49 607 1190 18 22
r 1.0 135 1190 6 9
v 1.0 183 1190 11 9
F 0.88 457 1195 18 18
y 0.41 307 1196 16 22
t 0.54 693 1200 5 10
  0.46 451 1200 19 18
J 0.69 696 1202 8 20
  0.31 247 1202 14 22
k 0.67 426 1202 22 20
N 0.95 684 1202 9 13
a 0.72 751 1205 11 13
X 0.76 749 1209 9 14
s 1.0 134 1210 9 14
j 0.3 730 1210 6 18
  0.61 735 1211 7 16
t 0.98 742 1211 9 12
8 0.99 146 1214 11 13
u 0.54 178 1214 8 10
e 0.85 193 1214 7 9
n 0.57 155 1215 9 9
0 0.91 703 1220 9 13
y 0.97 583 1237 21 31
d 0.71 284 1243 17 31
O 0.68 256 1244 30 30
N 1.0 145 1248 15 13
g 1.0 159 1252 9 13
y 1.0 177 1253 10 13
  0.69 439 1259 6 19
t 0.99 432 1259 10 14
  0.38 794 1259 28 30
x 0.87 249 1261 29 25
  0.31 160 1272 5 6
q 0.52 162 1273 6 6
p 0.61 176 1273 6 6
b 0.86 411 1280 9 9
7 0.91 279 1283 22 23
4 0.96 676 35 18 27
  0.35 907 37 5 15
  0.45 913 37 11 18
  0.41 433 37 13 28
  0.94 906 55 8 18
  0.59 800 96 6 11
1 0.99 577 106 7 15
  0.97 504 107 8 17
1 1.0 490 108 8 15
0 1.0 840 115 13 20
2 1.0 811 115 12 20
7 1.0 855 116 13 20
6 1.0 870 116 13 20
7 1.0 885 116 12 20
9 0.99 826 116 12 20
0 0.91 796 117 12 19
  0.35 352 145 9 41
  0.8 390 175 4 12
0 0.97 230 177 7 12
  0.36 505 197 4 8
1 0.51 888 197 5 8
7 0.89 757 198 8 9
  0.68 266 201 4 7
  0.36 505 202 5 6
  0.79 589 202 4 8
  0.42 157 202 5 6
  0.63 302 202 7 10
  0.82 416 202 6 8
  0.56 130 202 5 6
  0.44 145 202 4 6
  0.46 102 203 4 5
1 0.99 415 240 7 13
6 1.0 914 258 9 12
6 0.99 904 259 8 11
9 0.99 923 259 8 11
0 0.98 874 259 8 12
0 0.96 886 259 8 12
0 0.93 894 259 7 12
0 0.94 733 260 9 14
4 0.99 845 260 7 11
7 0.99 854 260 8 11
8 0.99 865 260 7 11
7 1.0 719 260 8 14
3 1.0 742 260 9 14
8 0.99 835 260 8 11
0 0.99 711 261 10 14
  1.0 752 261 9 13
1 1.0 688 261 7 14
2 1.0 668 261 9 14
9 1.0 696 261 9 13
0 0.99 677 261 9 14
0 0.99 613 262 9 14
5 1.0 595 263 9 14
2 1.0 604 263 8 14
1 1.0 327 265 8 14
3 0.99 319 266 7 13
0 0.99 335 266 7 13
  0.36 360 266 8 13
  0.98 344 266 9 13
1 0.99 289 266 6 13
5 1.0 297 266 8 13
7 1.0 311 266 10 13
8 1.0 235 266 8 14
9 1.0 280 266 8 13
4 1.0 243 267 8 12
8 0.98 252 267 7 13
3 1.0 272 267 7 12
2 1.0 337 288 7 12
  0.94 348 288 9 12
  0.99 344 289 9 12
0 0.99 327 289 9 12
5 1.0 297 290 9 10
7 1.0 311 290 9 10
4 1.0 319 290 9 11
3 1.0 272 290 8 14
  0.51 306 290 6 10
8 1.0 234 291 9 13
4 1.0 243 291 8 13
1 0.99 288 291 8 12
8 1.0 252 292 7 12
9 1.0 280 292 8 11
  0.76 239 313 9 17
0 0.92 253 348 7 9
9 1.0 492 356 8 13
5 1.0 482 356 9 13
1 1.0 442 357 6 13
5 1.0 449 357 8 13
7 1.0 458 357 9 12
1 1.0 474 357 7 12
1 0.99 789 376 7 11
9 1.0 449 378 9 14
0 0.99 358 379 9 13
0 0.99 376 379 9 13
8 1.0 385 379 9 13
5 1.0 409 379 8 13
1 1.0 433 379 7 13
5 1.0 442 379 8 13
1 1.0 400 379 7 13
7 1.0 417 379 9 13
0 0.99 349 380 9 13
0 1.0 367 380 10 13
  0.89 606 380 4 10
7 1.0 421 402 10 13
  0.99 395 402 8 8
5 1.0 386 403 9 12
7 1.0 403 403 9 12
  1.0 431 403 9 12
  0.81 344 403 10 13
  0.31 417 404 7 10
  0.99 414 405 7 10
  1.0 378 405 8 10
2 0.63 868 431 8 10
1 0.66 876 431 5 9
1 0.71 880 431 6 9
1 0.33 654 434 4 9
7 0.8 641 435 8 9
  0.79 489 436 6 9
1 0.77 494 436 5 9
  0.91 485 437 5 8
2 0.72 498 437 8 8
  0.63 516 437 6 8
0 0.93 364 438 8 9
1 0.94 326 439 5 9
  0.96 339 439 7 9
0 0.89 310 439 8 9
1 0.81 318 439 5 9
  0.91 322 439 5 9
0 0.84 150 449 8 9
  0.53 910 472 11 14
9 1.0 853 473 10 13
9 1.0 900 473 10 13
  0.92 844 473 9 14
9 1.0 868 473 10 13
2 1.0 892 473 9 13
2 1.0 826 474 9 13
9 1.0 835 474 10 12
  0.96 676 475 13 14
6 1.0 379 479 10 14
7 1.0 343 479 9 14
6 1.0 361 479 10 14
0 1.0 317 479 9 14
1 1.0 326 479 8 14
4 1.0 333 479 11 13
4 1.0 352 479 10 14
8 1.0 370 480 10 13
0 1.0 299 480 10 13
0 0.99 307 480 10 13
  0.34 325 505 5 5
  0.6 884 515 10 11
0 0.97 854 516 7 10
1 0.86 872 516 6 9
1 0.44 869 517 6 8
1 0.9 362 523 6 10
  0.82 358 524 5 9
0 0.89 352 524 6 9
1 0.98 554 591 7 15
0 1.0 322 594 9 13
  0.51 245 594 8 15
1 1.0 296 594 7 13
1 1.0 306 594 6 13
0 0.98 313 594 9 14
0 0.97 232 594 9 14
0 0.98 215 595 9 13
8 0.99 224 595 8 14
0 0.97 205 595 9 14
9 1.0 179 596 9 13
0 1.0 187 596 9 13
1 1.0 123 596 7 14
5 1.0 131 596 9 14
7 1.0 140 596 9 14
1 1.0 170 596 8 13
6 1.0 196 596 9 13
4 1.0 552 627 10 14
0 0.92 205 629 10 14
0 0.98 215 629 8 14
  0.53 244 629 7 14
0 1.0 313 629 9 14
0 0.99 322 629 9 14
1 1.0 296 630 7 13
1 1.0 306 630 6 12
9 1.0 179 630 9 14
0 1.0 187 630 9 14
6 1.0 196 630 9 14
8 1.0 223 630 9 14
  0.3 251 630 9 15
1 1.0 171 631 6 13
0 0.97 233 631 8 13
1 1.0 123 631 7 13
7 1.0 140 632 9 13
5 1.0 131 632 9 14
4 1.0 553 662 9 14
0 0.96 216 664 8 14
0 0.93 233 664 9 14
0 0.99 313 664 10 14
1 1.0 296 665 7 13
1 1.0 306 665 7 13
0 1.0 323 665 9 14
8 1.0 224 665 9 14
0 1.0 187 665 10 14
6 1.0 197 665 8 14
1 1.0 172 666 6 13
1 1.0 123 666 8 14
0 0.98 206 666 9 13
9 1.0 180 666 9 14
5 1.0 132 667 9 14
7 1.0 141 667 9 13
1 0.96 555 698 7 13
0 1.0 322 699 10 14
0 0.99 313 700 10 13
0 0.33 210 700 10 13
1 1.0 296 700 7 13
0 1.0 187 701 10 12
8 1.0 224 701 9 13
1 1.0 306 701 6 12
1 1.0 171 701 7 12
0 0.99 206 701 9 13
0 0.99 215 701 9 12
0 0.92 233 701 9 13
  0.46 245 701 8 13
7 1.0 141 701 9 12
6 1.0 197 701 8 12
1 1.0 123 701 8 13
5 1.0 132 701 8 12
9 0.99 180 701 9 12
1 0.92 557 730 7 15
0 1.0 325 733 8 14
9 0.98 182 733 7 15
1 0.99 307 733 7 14
0 0.99 315 733 10 14
0 1.0 189 733 10 14
6 1.0 197 733 9 14
0 0.99 216 733 9 14
8 1.0 224 733 10 14
1 0.99 298 733 6 14
1 0.96 125 734 7 14
5 1.0 133 734 7 14
7 1.0 141 734 9 14
0 0.99 207 734 9 13
  1.0 779 866 15 18
0 0.95 816 869 10 15
7 0.92 831 871 9 12
  0.93 865 873 10 11
  0.94 848 874 16 23
  0.75 558 1010 6 9
1 0.85 88 1048 4 11
2 1.0 87 1066 7 10
  0.4 746 1111 6 7
  0.88 709 1111 5 7
  0.86 751 1111 6 7
0 0.87 737 1132 8 10
1 0.88 753 1133 5 8
  0.78 438 1133 4 9
1 0.6 445 1133 7 9
0 0.92 467 1133 7 9
7 0.51 684 1153 12 17
  0.99 807 1157 11 18
0 0.85 790 1163 7 11
0 0.81 470 1177 6 8
  0.52 768 1183 5 5
0 0.99 473 1197 7 13
  0.66 761 1207 11 14
  0.8 186 1214 7 10
7 0.81 164 1214 8 10
  0.44 167 1214 6 4
2 0.75 713 1220 11 18
7 0.46 595 1237 17 22
  0.61 293 1246 14 28
0 0.58 416 1252 11 24
  0.74 338 1278 13 15
\\ 0.31 942 35 9 20
) 0.94 731 35 7 32
\\ 0.59 926 37 7 18
( 0.56 530 41 8 29
) 0.94 216 56 18 23
_ 0.31 225 56 23 29
\\ 0.79 891 57 7 23
\\ 0.85 876 58 7 21
\\ 0.49 873 58 6 21
\\ 0.5 816 59 8 20
\\ 0.52 822 59 6 20
\\ 0.79 869 59 8 18
\\ 0.31 826 59 7 19
\\ 0.75 800 65 9 28
/ 0.87 210 66 20 19
\\ 0.61 915 72 7 19
) 0.84 684 73 9 21
, 0.98 708 73 9 26
" 0.53 556 76 7 21
( 0.89 759 94 4 13
) 0.89 805 94 6 15
( 0.95 758 101 5 9
) 0.85 791 139 6 15
( 0.96 760 140 4 15
$ 0.87 252 177 5 12
$ 0.61 148 178 5 12
\\ 0.77 597 197 6 11
@ 0.94 874 197 8 9
_ 0.67 487 199 6 9
@ 0.95 716 200 8 9
\\ 0.44 340 200 4 8
{ 0.76 741 203 20 11
^ 0.52 405 218 5 14
% 0.67 548 220 7 12
( 0.86 138 222 6 15
) 0.85 200 222 6 14
@ 0.46 207 223 8 11
$ 0.75 361 224 6 10
@ 0.86 179 225 8 9
: 0.61 218 225 3 9
@ 0.35 105 226 5 8
_ 0.94 424 242 7 14
※ 0.31 47 259 21 24
) 0.92 260 267 5 15
( 0.98 229 267 5 17
\\ 0.35 192 268 5 14
( 0.9 166 268 5 16
) 0.89 195 268 6 16
, 0.46 218 272 3 9
_ 0.56 266 290 6 10
( 0.98 229 291 5 17
) 0.94 260 291 5 16
( 0.77 216 344 6 13
) 0.76 287 344 4 13
( 0.3 167 347 6 10
: 0.41 304 347 3 10
@ 0.75 272 347 8 10
_ 0.49 114 348 8 10
( 0.75 147 367 4 15
) 0.9 207 367 5 13
* 0.55 113 372 5 8
\\ 0.38 624 382 2 10
( 0.8 179 389 6 14
) 0.68 206 390 6 13
※ 0.32 170 391 6 11
' 0.39 83 404 14 26
_ 0.77 361 404 7 6
@ 0.6 957 404 16 25
" 0.46 409 405 4 10
_ 0.36 906 429 17 20
@ 0.71 331 439 7 9
= 0.7 860 476 10 8
= 0.46 885 478 7 5
^ 0.32 151 496 6 8
※ 0.33 83 505 15 25
※ 0.34 421 510 15 26
/ 0.99 141 514 8 16
_ 0.3 420 540 17 28
※ 0.51 758 582 17 38
\\ 0.78 204 595 4 15
" 0.33 27 606 16 26
( 0.53 204 629 4 15
\\ 0.35 204 664 4 15
\\ 0.52 204 699 4 14
/ 0.97 582 706 27 25
" 0.56 22 733 28 36
% 0.7 17 809 16 25
# 0.38 251 810 15 31
% 0.38 16 819 19 29
^ 0.76 838 872 8 11
_ 0.87 783 874 20 23
< 0.93 816 874 16 26
( 0.93 866 874 15 23
_ 0.57 876 875 25 23
: 0.85 739 891 3 10
_ 0.43 405 957 13 18
_ 0.68 733 993 22 28
* 0.5 156 1031 4 10
: 0.43 145 1032 4 8
_ 0.48 97 1047 8 13
/ 0.76 93 1048 7 11
/ 0.65 95 1065 5 11
& 0.96 145 1083 8 11
@ 0.98 443 1084 8 9
" 0.67 154 1085 5 9
[ 0.38 657 1099 6 18
( 0.32 588 1109 4 10
_ 0.53 835 1125 22 22
_ 0.38 392 1126 18 24
_ 0.4 824 1126 19 22
@ 0.84 910 1132 7 9
@ 0.86 758 1132 7 9
$ 0.6 451 1133 7 10
\\ 0.37 695 1152 8 23
※ 0.32 826 1154 15 26
_ 0.36 978 1157 23 41
" 0.52 790 1161 10 23
/ 0.91 312 1166 34 42
^ 0.6 280 1169 9 28
\\ 0.82 438 1171 23 37
/ 0.93 613 1177 21 31
) 0.9 234 1185 5 16
\\ 0.89 256 1185 37 40
( 0.32 95 1186 5 18
@ 0.35 202 1188 7 11
@ 0.37 129 1190 6 9
_ 0.31 989 1202 15 22
/ 0.96 261 1202 22 30
( 0.85 272 1205 22 24
+ 0.74 757 1208 8 14
_ 0.45 394 1215 16 27
_ 0.41 949 1217 18 22
( 0.95 456 1246 16 28
\\ 0.36 244 1257 7 31
_ 0.31 950 1262 18 23
_ 0.37 513 1269 20 19
_ 0.48 641 1269 21 19
" 0.99 189 1278 14 31
[ 0.73 196 1285 10 24
