Ư 0.92 1698 128 100 126
À 1.0 462 317 64 85
Ù 0.92 2225 318 24 92
À 1.0 2003 320 64 87
Ỹ 1.0 2552 331 61 89
Ù 0.98 2702 331 29 87
Đ 1.0 202 336 65 71
Ư 0.84 2472 339 20 74
Đ 0.41 2164 340 26 70
Đ 0.99 2646 349 57 67
Đ 0.99 203 448 64 68
À 1.0 398 714 38 46
Ừ 1.0 293 716 45 68
Ờ 1.0 2048 719 42 60
Ư 0.57 333 724 38 59
Ư 0.32 479 733 26 48
À 1.0 272 833 39 67
Ư 1.0 2033 943 44 65
Đ 1.0 275 946 46 69
Ù 0.92 557 1071 33 58
Ế 1.0 1536 1286 45 93
Ú 0.79 1879 1293 21 88
Ư 0.74 1802 1498 21 102
Ổ 1.0 2695 1521 31 72
Ứ 0.94 2867 1521 23 69
Ẩ 1.0 721 1526 45 77
Â 1.0 2888 1526 38 64
Ỉ 0.99 2956 1526 28 67
ă 1.0 2067 1528 40 69
Ỷ 1.0 511 1531 41 71
Ừ 1.0 1839 1533 48 67
Ơ 1.0 1887 1546 46 54
Ố 1.0 1019 1645 43 72
Ổ 1.0 1408 1646 41 69
Ý 1.0 515 1648 37 65
Ớ 1.0 751 1648 42 67
á 1.0 912 1648 38 66
Ứ 1.0 1210 1648 41 67
Ư 0.99 1162 1666 41 50
Ư 0.31 1187 1672 20 46
Ứ 0.85 467 1774 26 59
à 1.0 781 1879 40 66
É 1.0 879 1879 40 66
Ý 1.0 521 1882 38 66
Ầ 0.99 1264 1988 46 74
â 1.0 943 2000 38 67
Ý 1.0 524 2002 40 65
ấ 0.41 869 2002 17 65
Â 1.0 581 2117 40 69
ậ 0.97 595 2118 43 89
ạ 0.97 583 2148 31 57
Ổ 1.0 316 2344 45 76
ề 1.0 531 2350 38 69
ả 1.0 343 2469 39 70
ự 1.0 492 2484 44 70
Ẳ 1.0 2019 2786 36 74
Ỗ 1.0 1731 2790 36 70
Ỗ 0.5 1756 2798 24 66
Ỡ 1.0 1776 2798 36 66
Ù 0.91 1643 2800 19 67
É 1.0 1376 2802 34 67
Ù 0.34 1305 2805 14 59
ă 1.0 887 2815 36 67
Ỷ 1.0 293 2816 37 84
Ứ 0.82 738 2821 24 77
Ơ 1.0 1257 2821 45 54
Ư 0.98 1208 2825 43 50
Ữ 1.0 544 2826 48 66
Ư 0.32 1243 2826 13 48
Ũ 0.32 987 2831 10 49
ứ 0.98 1846 3120 46 69
Ớ 0.99 1297 3131 49 72
Ư 0.99 1448 3148 55 52
Ơ 0.94 1475 3151 30 41
Ủ 1.0 1595 3243 48 78
ụ 0.99 1745 3257 48 62
ự 1.0 1425 3264 49 64
S 1.0 655 117 97 131
C 0.99 1386 117 78 133
P 1.0 1019 121 93 122
A 0.96 767 124 114 119
P 1.0 902 124 96 124
O 0.96 1129 126 121 126
S 0.99 1588 126 102 129
R 0.99 1271 129 108 121
S 0.97 1786 131 100 126
F 0.94 1907 133 100 122
l 0.89 2043 133 47 129
C 1.0 2152 133 100 124
U 1.0 2379 140 100 124
B 0.99 2502 140 103 122
L 1.0 2279 143 83 114
N 1.0 534 334 53 68
G 1.0 600 334 66 68
O 0.96 908 334 66 68
L 1.0 989 334 49 68
T 1.0 402 336 58 66
H 0.99 1169 336 50 69
C 1.0 277 338 57 70
D 1.0 844 338 58 67
L 1.0 1049 338 54 67
P 0.99 1105 338 50 64
  0.58 1313 338 44 67
L 1.0 1415 338 47 69
A 0.99 1471 338 62 67
N 1.0 2261 339 47 71
N 0.98 1260 340 52 62
P 0.99 1352 340 50 65
  0.93 1643 340 57 67
z 1.0 1534 341 58 66
A 0.99 1598 341 63 66
T 1.0 1879 341 54 67
R 1.0 1943 343 57 67
N 1.0 2080 343 51 67
l 0.44 2113 343 48 70
B 1.0 2169 344 51 67
H 1.0 2325 344 52 69
M 1.0 2474 346 62 70
H 1.0 2952 348 55 73
N 0.99 2739 349 50 71
V 1.0 3030 349 52 72
l 0.31 2524 352 21 62
H 1.0 2803 352 53 66
T 1.0 274 443 59 72
G 1.0 223 716 44 68
G 1.0 1974 716 46 63
  0.62 269 717 21 45
I 0.52 257 726 29 62
n 0.93 443 731 40 31
r 0.99 2116 733 25 47
a 0.99 2144 733 35 47
V 0.99 359 734 38 48
l 0.35 1979 823 11 67
V 1.0 403 831 49 66
l 0.38 457 831 26 67
P 0.99 476 831 48 64
  0.65 2824 831 36 67
S 1.0 2800 833 39 65
0 0.99 2939 833 41 69
B 1.0 225 834 41 66
K 1.0 2849 834 41 64
  0.38 2886 838 45 64
a 0.67 255 840 33 60
n 0.99 2002 844 32 48
  0.34 343 848 28 50
n 0.99 316 851 36 47
B 1.0 2089 939 39 68
S 1.0 2180 939 38 68
S 1.0 2228 939 41 68
R 0.98 2338 940 50 72
H 1.0 1980 941 43 64
V 1.0 2297 944 47 64
P 1.0 2374 946 37 65
  0.42 300 948 31 64
H 1.0 228 949 42 66
  0.67 321 952 31 58
e 0.99 639 1059 40 71
v 1.0 292 1061 38 73
h 0.97 271 1064 34 69
  0.97 738 1067 29 59
T 0.99 229 1069 45 64
k 0.97 607 1069 38 57
t 0.98 689 1070 36 55
i 0.97 498 1072 27 74
u 0.9 312 1074 33 57
  0.99 346 1075 36 59
n 0.98 526 1075 38 53
  0.95 838 1077 36 51
  0.99 895 1077 38 57
g 0.99 434 1079 38 59
a 0.98 779 1079 41 49
n 0.82 819 1079 31 47
0 0.98 390 1080 28 50
l 0.35 329 1081 31 52
l 0.31 1887 1302 33 80
j 0.98 1418 1305 48 74
J 0.88 1613 1307 44 75
1 0.98 1807 1307 52 73
A 0.99 1695 1310 51 70
M 0.99 1749 1310 53 70
N 1.0 1902 1310 47 70
l 0.37 1515 1311 18 69
l 0.37 1452 1312 24 71
H 1.0 1457 1312 45 67
U 0.99 1579 1312 42 69
T 1.0 1650 1314 40 65
T 0.99 1833 1314 41 65
H 0.99 1957 1314 45 65
S 1.0 261 1526 46 72
T 0.99 311 1526 50 72
h 1.0 674 1526 39 74
  1.0 379 1528 52 72
S 1.0 1611 1528 43 69
C 1.0 2380 1528 41 65
K 1.0 2431 1528 43 65
T 0.99 2638 1529 38 61
L 1.0 1661 1530 37 65
i 0.43 2046 1530 15 67
T 0.98 345 1533 50 69
S 1.0 462 1533 45 67
  0.41 841 1541 51 66
t 0.96 2833 1541 36 66
n 0.99 2726 1545 41 45
g 0.99 2771 1545 39 65
n 0.99 2933 1545 36 45
m 1.0 769 1549 62 53
n 0.99 1934 1551 36 47
g 1.0 2000 1551 38 70
n 1.0 555 1552 43 50
p 1.0 630 1552 37 69
l 0.3 269 1643 23 75
S 1.0 469 1644 47 72
h 0.99 976 1645 38 72
t 0.86 559 1652 25 63
t 0.79 1452 1661 23 60
m 1.0 682 1667 62 48
n 0.99 805 1667 35 50
c 1.0 869 1667 38 52
t 0.45 1089 1669 21 47
n 0.99 1116 1669 32 49
n 0.98 1259 1669 34 49
S 0.99 1369 1669 31 51
g 1.0 1303 1670 36 68
l 0.36 574 1776 16 57
e 0.98 497 1785 37 49
r 0.98 544 1785 25 51
t 0.95 564 1885 26 61
S 0.99 471 1886 46 64
g 1.0 734 1895 40 69
n 0.99 926 1898 36 50
r 0.99 851 1900 26 48
o 0.91 2989 1975 36 23
A 0.44 2289 1980 39 18
h 1.0 1093 1990 35 76
k 1.0 1208 1995 35 67
h 1.0 739 1997 45 72
p 0.98 789 1997 39 67
k 0.99 690 1998 43 71
k 1.0 1050 1998 40 69
i 0.58 1238 2002 19 62
S 1.0 475 2003 41 69
v 0.9 972 2007 30 62
1 1.0 587 2008 33 61
  0.94 1387 2010 43 57
t 0.92 567 2012 26 59
o 0.99 1138 2015 37 51
t 0.96 902 2016 32 53
u 0.99 1312 2017 33 47
a 0.99 841 2018 39 52
y 0.99 987 2018 41 69
1 0.38 890 2020 28 46
h 1.0 541 2110 41 74
N 0.99 476 2117 50 66
  0.99 654 2123 31 64
t 0.84 621 2126 29 60
r 0.54 521 2148 31 40
I 0.37 557 2148 22 38
I 0.43 2333 2207 46 76
l 0.74 1125 2223 21 74
b 1.0 1087 2225 34 70
  0.44 1108 2228 28 65
B 1.0 479 2230 44 70
1 0.76 1431 2230 36 88
i 0.83 536 2231 20 69
u 0.99 1154 2239 31 53
5 0.87 952 2241 37 70
e 0.98 1197 2241 36 49
p 0.99 1348 2241 34 66
C 0.99 1261 2243 32 47
r 0.98 990 2244 21 46
O 0.97 1018 2244 38 49
a 1.0 566 2246 41 54
s 1.0 738 2246 41 52
O 0.98 640 2248 39 50
n 0.99 686 2248 38 50
S 0.99 757 2248 36 47
a 0.97 813 2248 36 49
p 0.99 845 2248 38 66
O 0.87 861 2248 36 49
p 0.99 893 2248 40 69
a 0.98 550 2250 38 48
T 0.99 264 2357 48 64
l 0.89 515 2361 16 57
t 0.97 477 2362 28 61
  0.99 600 2367 34 51
n 0.99 362 2369 40 52
n 0.99 576 2369 38 48
g 1.0 410 2372 39 67
l 0.42 233 2460 24 80
J 0.32 3007 2462 44 33
h 0.99 438 2464 43 74
T 1.0 267 2472 43 67
t 0.94 407 2474 29 59
C 0.99 538 2486 38 50
r 0.98 313 2489 28 50
U 1.0 269 2587 47 70
S 1.0 321 2587 45 70
D 0.99 371 2588 46 67
h 1.0 1979 2787 39 72
h 0.99 1600 2798 38 69
  0.92 2087 2805 36 57
b 0.99 1028 2808 38 74
n 1.0 2062 2810 38 50
t 0.91 1344 2811 22 63
n 0.93 1825 2813 36 48
h 1.0 688 2814 38 76
q 0.99 1869 2815 33 59
q 1.0 1554 2816 36 63
n 0.98 1667 2817 35 47
c 0.99 1933 2818 37 48
m 1.0 1425 2820 54 49
n 0.99 1511 2820 35 49
h 1.0 497 2821 36 74
C 1.0 636 2823 44 70
t 0.88 826 2825 23 62
B 1.0 243 2828 39 67
m 0.99 1143 2829 57 47
a 0.97 1074 2831 34 49
m 1.0 936 2834 59 50
n 0.99 761 2836 34 51
r 0.99 857 2838 22 47
q 0.99 381 2845 40 60
C 1.0 456 2846 36 52
n 0.99 336 2848 38 47
t 0.42 424 2850 19 52
h 0.96 1936 3119 50 71
h 0.89 1786 3121 43 67
k 0.98 1741 3123 51 66
t 0.87 1808 3125 36 62
C 0.99 1239 3134 61 69
y 0.81 1664 3136 51 71
c 0.98 1893 3143 43 43
q 0.48 1579 3146 23 51
u 0.99 1628 3148 42 45
n 0.99 1502 3151 47 44
m 0.96 1343 3152 78 48
q 0.98 1583 3152 43 62
i 0.82 1790 3236 31 71
H 1.0 1349 3244 87 72
p 0.92 1629 3257 59 72
g 1.0 1543 3264 54 67
n 1.0 1475 3266 46 45
  0.94 1433 129 88 123
1 1.0 707 331 29 67
  0.38 1231 336 17 64
8 1.0 1800 341 44 66
2 1.0 1749 343 43 62
  0.48 1838 343 41 67
1 0.98 555 440 31 67
4 1.0 498 441 50 70
9 1.0 444 443 48 68
2 1.0 818 443 46 68
6 1.0 872 443 46 68
5 1.0 608 444 44 67
5 1.0 661 444 44 67
3 1.0 713 444 43 67
0 1.0 395 445 43 67
0 1.0 767 445 43 65
  0.86 1328 703 31 86
1 0.97 1272 708 33 72
  1.0 1105 710 31 50
1 0.85 1264 710 26 50
3 1.0 1038 711 39 68
3 0.99 1143 711 39 68
1 0.98 988 712 29 50
0 0.9 580 713 38 67
1 0.91 631 713 23 67
0 0.99 749 713 38 66
7 1.0 795 713 39 66
3 1.0 869 713 38 64
0 0.97 918 713 38 66
2 1.0 533 715 39 64
9 1.0 675 715 36 64
2 1.0 2228 716 34 64
9 1.0 2366 716 34 64
0 0.99 2436 716 34 64
  0.98 2321 717 29 45
7 1.0 2481 717 36 45
3 1.0 2551 718 34 64
  0.48 2286 719 40 69
  0.3 2348 719 35 67
  0.46 2531 719 40 67
1 0.79 2664 719 29 43
4 1.0 2707 720 39 62
  0.57 638 721 38 65
0 0.94 1217 721 33 53
7 0.76 2248 721 38 65
0 0.97 2272 723 36 64
1 0.77 2645 724 38 62
  0.84 2512 726 38 60
0 0.98 2597 726 36 63
0 0.98 2818 726 34 64
0 0.97 2772 728 35 62
5 1.0 2884 728 32 62
3 0.99 2926 728 35 62
2 0.43 521 731 36 50
  0.96 664 826 43 72
1 0.89 2087 828 24 65
0 0.99 533 831 39 64
3 1.0 579 831 39 64
  0.95 621 831 43 62
1 0.86 821 938 27 67
5 1.0 869 938 38 67
0 0.99 2716 938 38 69
1 0.99 464 939 28 69
0 0.99 557 939 41 64
3 1.0 651 939 41 66
7 1.0 600 940 43 70
0 0.99 698 940 42 70
  0.52 900 940 45 70
  0.96 2495 940 36 72
2 1.0 370 941 41 66
9 1.0 511 941 40 67
0 0.99 774 941 37 66
0 0.99 2423 941 34 66
3 1.0 2467 941 36 66
2 1.0 2536 941 36 64
0 0.99 421 943 41 67
1 0.98 481 943 38 67
  0.32 850 943 24 62
1 0.99 2621 943 36 67
0 1.0 2852 943 36 69
  0.71 3067 944 31 71
0 0.98 2967 945 38 69
0 0.96 2582 946 36 64
  0.97 3080 946 35 70
9 1.0 2674 948 36 65
7 1.0 2762 948 35 65
  0.94 3025 948 36 68
3 0.96 3050 948 36 64
3 1.0 2807 949 36 66
  0.71 3138 950 38 69
0 0.89 2918 952 34 63
0 0.96 2981 1631 36 67
0 0.97 3026 1631 36 67
  0.94 2948 1633 32 69
0 0.99 3072 1633 33 65
9 1.0 2871 1636 36 66
5 1.0 2919 1636 36 66
4 1.0 2826 1638 41 64
0 0.94 2243 1640 36 67
9 1.0 2136 1643 33 71
0 0.91 2289 1644 37 66
0 0.97 2200 1645 33 65
9 1.0 2089 1646 37 65
4 1.0 611 1648 43 67
5 1.0 1750 1648 36 66
1 0.68 719 1664 31 53
9 0.99 2924 1860 36 64
0 0.95 2988 1860 36 66
0 0.95 3033 1860 36 64
0 0.99 3076 1860 38 64
9 0.98 2879 1862 35 62
  0.41 2956 1862 28 77
0 0.94 2244 1870 35 64
0 0.96 2290 1870 35 64
9 1.0 2090 1872 38 64
9 1.0 2136 1874 33 69
0 0.97 667 1876 38 72
0 0.91 2200 1876 36 62
1 0.98 619 1881 31 64
1 0.68 1770 1882 23 66
2 1.0 262 1883 40 67
  0.36 2948 1974 32 70
0 0.93 2990 1974 36 64
0 0.98 3033 1974 36 64
0 0.99 3079 1974 35 64
  0.3 3120 1974 31 64
9 0.99 2881 1976 36 62
9 0.99 2924 1976 38 62
0 0.9 2290 1982 38 64
0 0.97 2202 1984 32 64
0 0.9 2246 1984 33 62
9 0.99 2093 1988 33 64
9 1.0 2138 1988 33 67
1 0.74 1771 1990 24 65
3 1.0 266 1995 37 67
9 1.0 624 2000 38 69
  0.99 654 2003 46 69
  0.58 2961 2200 23 74
0 0.97 3036 2200 38 67
0 0.95 3081 2200 36 64
4 1.0 2890 2202 41 67
5 1.0 2929 2202 38 65
0 0.87 2993 2202 36 65
2 1.0 2844 2203 38 66
  0.63 2217 2207 40 74
0 0.98 2249 2207 35 65
0 0.97 2295 2207 36 65
3 1.0 2095 2212 36 64
5 1.0 2140 2212 36 64
0 0.83 2205 2215 33 65
7 1.0 1755 2219 38 64
4 1.0 269 2230 44 67
  0.4 231 2236 19 52
2 0.96 1302 2238 34 50
0 0.91 938 2243 38 50
0 0.97 800 2248 33 45
3 1.0 2883 2314 38 69
0 0.97 2995 2314 36 67
0 0.99 3038 2314 38 67
8 1.0 2929 2317 40 64
0 0.95 3083 2317 36 64
9 1.0 2846 2320 36 65
  0.33 233 2348 22 76
  0.57 3131 2416 26 76
  0.62 2961 2425 23 67
3 1.0 2883 2429 41 66
0 0.97 2998 2429 35 64
0 0.99 3040 2429 41 66
9 1.0 2840 2431 39 64
8 1.0 2931 2431 39 56
0 0.99 3086 2431 38 62
  0.99 3113 2538 43 70
4 1.0 3043 2543 40 64
5 1.0 3086 2543 40 67
1 0.96 526 2580 26 66
0 0.98 643 2581 40 67
0 0.98 688 2581 45 67
0 0.98 595 2585 36 69
2 1.0 475 2587 41 69
  0.91 1717 3236 31 71
) 0.86 714 126 46 114
+ 0.55 1972 131 67 118
( 0.61 2155 131 31 133
: 0.71 346 352 15 51
: 0.67 341 461 15 54
. 0.34 2405 726 26 34
. 0.64 2185 733 13 49
. 0.42 2751 741 13 46
. 0.79 361 851 14 49
\\ 0.48 507 931 18 80
\\ 0.4 2890 952 36 62
: 0.49 328 964 15 47
\\ 0.66 582 1077 18 53
( 0.98 2482 1518 26 90
) 0.92 2562 1521 26 91
\\ 0.72 2589 1521 32 94
% 0.99 2516 1526 59 67
\\ 0.39 262 1648 19 71
, 0.86 498 2005 30 67
\\ 0.35 617 2233 19 62
\\ 0.45 2962 2305 22 77
) 0.94 736 2579 23 88
( 0.93 445 2583 29 91
, 0.31 571 2607 17 53
\\ 0.74 2223 2787 28 88
\\ 0.83 2148 2795 31 74
\\ 0.89 2195 2795 28 72
. 0.38 595 2846 12 44
! 0.97 1995 3118 31 71
\\ 0.59 1903 3225 30 91
! 0.91 1821 3238 29 67
