À 1.0 1683 185 19 28
À 1.0 1660 239 16 27
ố 1.0 1658 299 20 35
Ầ 1.0 1658 378 20 30
ố 1.0 1658 441 20 35
Á 1.0 1741 446 21 28
Ớ 1.0 1084 474 44 55
É 1.0 944 478 34 52
Đ 1.0 1044 488 37 43
ố 1.0 1100 566 22 42
ợ 0.4 1165 569 9 31
ã 1.0 285 692 21 32
Ơ 0.63 277 763 7 36
Ử 0.97 371 764 13 35
Đ 0.99 244 765 31 30
ầ 1.0 772 770 20 30
ê 1.0 661 772 23 27
ấ 1.0 881 772 19 27
ủ 0.77 1989 777 7 23
Ỷ 0.5 1094 778 8 22
à 1.0 1000 781 21 33
Ộ 1.0 1070 783 22 35
Ỵ 0.37 277 784 6 19
É 1.0 293 863 24 34
à 1.0 406 867 24 33
ở 1.0 1857 883 28 35
Ờ 1.0 1774 890 27 34
Ỳ 0.39 1878 890 13 25
ĩ 0.59 238 936 22 33
â 1.0 376 938 22 32
Ổ 1.0 1817 962 26 35
Ứ 1.0 1844 963 25 34
Ờ 1.0 1774 965 27 34
ê 1.0 256 992 23 34
à 1.0 350 994 23 33
Ỵ 0.34 1150 1004 14 26
Ủ 1.0 2079 1004 26 44
Ị 0.88 1140 1009 31 62
ă 1.0 1858 1021 25 36
Đ 1.0 1327 1022 31 34
Ử 0.85 1845 1023 9 32
Đ 1.0 1707 1025 31 34
Ơ 0.99 1739 1033 31 26
Ừ 0.4 251 1057 10 32
Ư 0.96 370 1068 27 23
ư 0.95 321 1069 23 21
Ơ 0.94 348 1069 24 22
è 1.0 392 1125 22 25
Ơ 0.99 422 1126 21 31
è 0.99 475 1128 21 22
Ư 0.99 501 1128 21 31
Ú 0.65 635 1132 8 30
Ờ 0.99 392 1186 23 33
Ơ 0.99 418 1189 23 29
Ỏ 0.99 498 1189 21 31
Ư 0.73 510 1190 20 30
Ú 0.48 632 1195 7 28
Ư 0.77 424 1315 12 36
Ú 0.9 372 1318 16 25
â 0.99 494 1318 21 28
Ơ 0.98 346 1321 25 23
Ọ 1.0 1344 1345 21 29
Ă 1.0 256 1376 21 30
ạ 1.0 324 1386 20 28
ả 1.0 1341 1399 20 30
ầ 0.38 1364 1399 7 30
ề 1.0 237 1434 24 39
à 0.99 335 1444 23 31
Đ 1.0 2135 1475 33 31
ề 1.0 231 1500 25 41
ế 0.51 378 1504 10 37
Ế 1.0 361 1505 25 40
ế 0.81 392 1505 25 38
Đ 1.0 2141 1541 34 36
Ẩ 1.0 212 1572 26 44
Á 0.99 504 1586 25 36
Ư 0.49 261 1587 17 31
Đ 1.0 2144 1614 35 35
ằ 1.0 548 1649 27 44
É 0.99 454 1658 25 34
Đ 1.0 2146 1690 35 35
Ả 1.0 246 1772 24 38
ả 0.34 262 1775 13 33
ý 1.0 330 1775 26 44
Á 0.99 421 1776 28 38
Ý 1.0 533 1777 25 37
Â 1.0 1017 1788 24 36
ự 1.0 1417 1803 24 34
á 1.0 1937 1806 25 37
ụ 1.0 1511 1807 25 34
à 1.0 2065 1809 25 34
Ừ 0.35 190 2460 10 32
Ễ 1.0 751 2465 23 36
ầ 1.0 156 2466 21 32
ứ 1.0 198 2466 28 32
Ả 1.0 999 2467 22 37
Ổ 1.0 1073 2470 21 38
Ứ 0.97 743 2474 13 29
ự 0.98 300 2475 22 28
Ú 0.84 848 2475 15 29
À 1.0 887 2475 20 30
Ử 1.0 1130 2475 26 32
Ẩ 1.0 1053 2477 26 30
Ể 1.0 1288 2478 22 38
Ư 1.0 1268 2483 25 32
ậ 1.0 1331 2486 19 36
ự 0.99 1185 2488 21 26
Ở 1.0 1429 2490 21 28
À 1.0 1762 2494 20 37
Ổ 1.0 1565 2496 24 28
Ã 1.0 1585 2496 19 30
ã 0.96 1605 2496 12 28
Ữ 1.0 1625 2497 26 31
ỹ 1.0 1648 2498 20 37
Ậ 1.0 1846 2505 20 35
À 1.0 262 2507 23 39
Ú 0.88 1930 2508 12 28
À 1.0 1970 2508 19 30
ạ 1.0 1909 2512 22 30
Ớ 1.0 141 2515 23 31
Ử 0.97 337 2517 16 29
ạ 1.0 319 2524 19 28
ẳ 1.0 170 2557 24 37
ă 0.94 403 2564 16 33
Ớ 1.0 237 2565 22 32
ă 0.99 385 2565 20 33
Ễ 1.0 779 2565 22 36
Ô 1.0 294 2566 29 32
Ứ 1.0 853 2573 22 30
Ơ 0.94 315 2574 25 24
Ử 0.89 925 2574 14 28
Ự 0.94 1006 2577 15 33
ằ 1.0 166 2608 25 38
Ù 0.98 190 2612 27 34
â 0.99 350 2614 28 34
ứ 0.99 386 2614 33 31
Ơ 1.0 417 2615 33 33
ỵ 0.99 607 2615 24 35
ẳ 1.0 1116 2618 22 32
ú 0.99 1138 2619 23 38
À 1.0 818 2620 18 29
Ơ 0.97 411 2621 24 28
ỵ 0.88 437 2621 31 27
À 0.92 824 2621 23 34
Ồ 0.99 932 2621 19 28
Ư 0.99 962 2623 23 33
Ư 0.97 1231 2629 22 33
Ỳ 0.47 1286 2631 13 18
À 0.56 1340 2632 16 17
Ẻ 0.97 1343 2632 22 34
Ả 0.93 1447 2637 17 37
Ã 0.98 1424 2638 30 32
Ễ 0.97 1402 2639 24 29
Ớ 0.99 1631 2639 25 39
Ư 0.88 1536 2642 16 35
Ư 0.99 1739 2642 24 41
Ả 1.0 1568 2644 22 33
ú 0.99 1620 2645 21 34
Ư 0.99 1650 2645 19 35
Ì 0.69 1754 2646 25 42
Ư 0.64 1588 2648 21 28
N 1.0 1634 187 23 27
g 0.98 1660 194 18 27
y 0.99 1703 196 20 27
B 1.0 2110 204 30 33
B 1.0 1633 239 23 28
n 0.99 1682 248 17 19
B 1.0 2111 273 30 30
S 1.0 1631 304 24 31
O 0.98 1692 304 30 30
d 0.96 1735 306 19 26
r 0.99 1782 308 13 22
e 0.99 1758 310 20 21
r 0.99 1724 311 13 21
k 0.99 1787 374 18 29
h 0.99 1722 377 17 27
S 1.0 1631 378 23 29
C 1.0 1692 379 24 21
c 1.0 1765 382 20 21
e 0.98 1742 383 21 22
h 0.99 1785 444 17 28
S 1.0 1630 448 24 30
h 0.99 1719 448 18 26
K 1.0 1692 449 26 27
c 1.0 1763 453 20 21
G 1.0 1170 481 42 46
N 1.0 1130 483 38 44
P 1.0 844 486 36 45
l 0.88 926 486 12 44
H 1.0 884 487 38 43
G 1.0 1236 487 40 43
U 0.99 982 489 38 42
l 0.68 1279 489 12 43
A 1.0 1296 491 39 41
O 0.99 1336 491 45 44
D 1.0 1402 492 39 43
l 0.49 1446 492 12 45
C 1.0 1463 493 35 44
H 1.0 1505 496 37 42
B 0.99 1140 570 22 32
I 0.73 1170 570 17 34
l 0.52 1186 570 10 33
S 1.0 1074 574 28 34
C 0.99 254 628 27 32
t 0.89 407 633 13 30
O 0.91 482 633 32 33
G 1.0 448 634 31 32
G 1.0 523 634 27 32
O 0.99 610 635 32 33
o 0.97 284 636 23 25
H 1.0 579 636 26 30
U 0.99 646 636 28 33
n 0.99 310 637 20 23
c 0.99 335 637 22 25
S 1.0 678 637 27 33
e 0.99 357 638 23 24
p 1.0 383 640 23 31
E 1.0 710 640 25 30
M 1.0 250 692 32 32
N 0.99 324 692 25 32
H 1.0 357 694 26 31
l 0.4 346 696 7 29
H 1.0 467 697 27 32
G 1.0 566 697 31 33
G 1.0 600 697 33 34
N 1.0 499 698 26 31
O 0.99 531 698 31 32
l 0.54 1863 710 7 31
T 1.0 1808 714 28 31
e 0.99 1837 719 21 24
h 1.0 350 766 20 31
T 1.0 498 770 28 30
Y 1.0 628 770 33 30
a 1.0 287 771 23 25
c 0.99 326 774 23 23
n 0.99 2142 776 22 25
c 1.0 740 777 27 22
r 0.99 528 778 13 21
u 0.99 542 778 20 23
n 0.99 568 778 20 23
m 0.97 2065 778 31 21
v 1.0 2118 778 26 22
g 1.0 591 779 21 31
G 0.99 836 779 30 32
  0.64 2089 779 13 19
i 0.31 869 780 9 34
l 0.4 1057 780 9 20
n 1.0 689 781 21 24
H 1.0 970 781 24 31
N 1.0 1039 781 25 33
N 0.98 1038 782 18 18
o 0.98 2038 782 23 26
c 0.66 287 783 16 14
c 0.49 326 784 14 14
C 0.99 2012 784 23 24
r 0.69 2064 784 13 21
y 0.98 903 786 26 31
o 0.99 1935 786 24 25
a 0.97 1960 786 21 14
g 1.0 1961 786 23 34
u 0.99 799 787 20 24
a 0.68 1910 789 19 11
g 1.0 1908 790 23 33
W 0.99 1669 791 46 34
b 1.0 1742 791 24 32
w 1.0 1857 791 37 25
  0.71 934 792 22 27
w 1.0 1827 794 35 23
w 0.99 1792 797 38 22
e 1.0 1716 798 23 25
h 1.0 270 862 20 32
K 1.0 240 864 28 31
h 1.0 343 866 21 32
h 0.99 384 866 18 33
c 1.0 319 873 24 24
n 0.99 434 876 21 23
g 1.0 458 876 22 33
G 1.0 1729 891 31 34
i 0.31 1763 892 7 32
m 1.0 1828 896 23 24
r 0.64 248 934 25 36
C 1.0 622 943 32 34
n 0.92 261 944 20 24
g 1.0 349 945 23 32
u 0.98 287 946 21 22
n 0.99 326 946 21 23
n 0.98 403 948 21 22
h 1.0 773 950 21 33
T 1.0 742 951 27 33
i 0.97 881 952 16 33
o 0.98 654 953 23 26
n 0.99 679 955 23 24
g 0.99 704 955 22 35
L 0.99 862 956 17 34
  0.94 951 956 25 34
r 0.59 887 958 20 29
h 1.0 920 958 22 30
u 0.99 800 962 22 24
y 1.0 823 963 25 34
n 0.99 895 964 21 24
G 1.0 1729 965 31 35
i 0.45 1763 966 7 32
g 0.99 1898 968 22 34
n 0.99 1872 970 22 24
T 1.0 229 994 27 31
h 0.99 325 994 23 32
n 1.0 283 1003 23 23
n 1.0 378 1005 24 24
g 1.0 404 1005 28 33
T 1.0 2051 1018 27 31
v 1.0 1358 1021 37 36
g 0.99 2138 1022 24 36
T 0.99 1389 1023 29 34
n 1.0 2110 1023 26 26
S 1.0 1580 1025 28 34
L 1.0 1624 1026 25 33
g 0.99 1816 1032 24 34
n 1.0 1776 1034 23 24
  0.65 1725 1044 15 15
c 0.83 1743 1044 15 16
  0.77 1579 1045 16 15
B 1.0 227 1058 26 31
t 1.0 301 1060 29 31
z 1.0 395 1062 25 29
a 0.99 424 1063 27 28
a 0.96 261 1066 19 23
  0.92 516 1066 20 28
L 0.35 394 1069 10 21
m 0.98 452 1070 23 22
k 0.99 477 1070 27 23
y 0.85 500 1072 21 29
l 0.45 1326 1090 6 27
y 0.99 1333 1096 21 29
c 1.0 223 1122 30 31
e 0.98 322 1123 21 31
b 0.98 309 1124 21 25
x 1.0 366 1125 23 25
x 1.0 451 1126 23 23
P 1.0 537 1129 23 29
m 1.0 278 1130 30 24
l 0.32 303 1130 10 25
1 0.83 350 1130 20 25
e 0.99 578 1131 23 28
o 0.95 415 1132 20 18
  0.34 698 1135 10 15
r 0.98 563 1138 14 21
i 0.91 619 1138 21 23
r 0.93 689 1139 16 25
K 1.0 784 1139 27 30
m 1.0 600 1140 31 21
u 0.99 645 1142 18 21
m 1.0 670 1142 28 21
S 1.0 1325 1150 24 31
t 0.98 1371 1153 13 28
e 0.99 1351 1160 21 21
c 1.0 219 1183 29 33
b 0.99 306 1186 20 30
x 1.0 317 1186 20 31
x 0.99 361 1189 28 27
e 0.99 464 1189 28 31
x 0.93 482 1190 23 30
P 1.0 533 1190 24 31
o 0.97 248 1191 21 24
e 0.99 571 1191 28 31
m 0.99 273 1192 32 24
l 0.32 304 1193 9 24
o 0.93 328 1194 21 24
  0.89 345 1194 21 23
x 0.96 446 1195 21 24
i 0.99 616 1200 23 24
r 0.98 561 1201 12 21
r 0.66 685 1201 15 24
K 1.0 784 1201 26 29
  0.85 870 1201 26 34
m 0.99 597 1202 30 21
u 0.99 643 1203 19 21
T 1.0 820 1203 25 29
E 0.99 846 1203 24 29
m 1.0 666 1204 30 21
s 1.0 1323 1212 26 31
c 0.94 1826 1214 15 31
t 0.97 1371 1215 12 28
e 0.99 1350 1221 21 22
F 1.0 217 1248 23 29
m 0.96 349 1249 34 33
a 0.95 290 1250 13 29
O 0.93 332 1251 29 29
a 0.99 506 1252 30 32
t 0.6 286 1253 11 28
a 0.94 240 1256 21 21
t 0.52 283 1256 9 23
a 0.98 304 1257 21 23
n 0.98 262 1258 19 21
a 0.91 298 1258 17 21
u 0.98 391 1259 14 23
1 0.96 409 1259 19 23
  0.99 434 1259 22 31
  0.99 464 1259 22 25
C 0.94 483 1259 20 24
  0.49 496 1259 14 24
e 0.35 448 1260 17 26
  0.99 544 1260 24 25
n 1.0 536 1262 16 21
e 0.93 706 1264 25 24
m 1.0 639 1265 31 22
l 0.33 1323 1275 7 28
c 0.98 1826 1277 16 32
0 0.98 1875 1278 20 30
o 0.97 1332 1282 21 23
n 1.0 1356 1283 17 21
K 1.0 212 1310 29 31
D 0.96 442 1315 22 30
t 0.97 306 1316 12 27
  0.99 455 1316 27 30
u 0.86 470 1316 28 31
t 0.42 312 1317 11 26
B 1.0 550 1317 28 33
j 0.38 416 1318 8 30
  0.99 589 1318 23 32
e 0.97 238 1319 19 23
m 1.0 263 1320 31 23
u 0.94 320 1320 18 23
  0.98 624 1320 22 29
v 0.98 399 1321 23 25
l 0.61 427 1322 18 23
L 1.0 1325 1336 23 30
K 1.0 207 1373 28 31
h 0.99 234 1374 18 30
l 0.65 314 1377 9 30
h 0.98 371 1378 17 30
s 0.99 414 1378 28 32
n 0.99 281 1383 19 23
o 0.99 437 1383 26 26
  0.51 505 1383 23 32
n 0.93 348 1385 17 23
g 0.93 461 1385 20 30
i 0.99 481 1385 20 34
c 1.0 1324 1406 22 24
T 1.0 197 1441 31 32
i 0.65 222 1442 13 30
h 1.0 309 1443 25 31
  0.41 489 1448 11 20
n 1.0 265 1450 25 23
n 0.99 362 1452 26 23
g 1.0 388 1452 29 29
  0.77 420 1452 27 32
  0.41 465 1454 15 20
  0.33 484 1454 8 18
V 1.0 2065 1476 32 29
N 1.0 2103 1476 29 31
T 1.0 190 1507 32 34
i 0.5 218 1507 12 36
h 1.0 310 1508 21 34
h 0.35 312 1510 22 14
t 0.75 296 1512 13 31
u 0.84 323 1512 20 31
n 0.99 256 1516 23 25
u 0.97 336 1519 25 25
N 1.0 2109 1541 28 35
V 1.0 2071 1542 35 33
T 1.0 188 1579 31 37
h 1.0 329 1583 25 36
t 0.99 313 1585 17 34
t 0.99 455 1585 22 36
v 0.38 344 1586 22 32
h 1.0 416 1589 27 31
n 1.0 242 1590 24 25
a 1.0 356 1590 25 29
g 1.0 270 1592 28 36
n 1.0 384 1592 28 27
o 0.99 477 1594 24 28
n 1.0 532 1596 25 26
v 1.0 2075 1616 34 33
N 1.0 2111 1616 30 34
l 0.36 2129 1616 15 33
h 0.99 290 1653 31 36
T 0.99 265 1654 32 34
h 0.99 375 1655 23 35
t 0.98 407 1655 22 36
b 1.0 522 1657 25 35
a 0.94 318 1662 24 27
V 1.0 784 1663 33 34
l 0.97 814 1664 14 33
S 1.0 829 1664 28 36
n 0.99 345 1665 26 24
o 0.98 428 1665 26 26
n 0.99 480 1666 26 26
A 1.0 856 1666 31 33
n 1.0 574 1667 27 26
g 1.0 600 1669 29 33
v 1.0 2078 1686 34 36
N 0.99 2114 1688 28 33
Q 1.0 188 1771 35 41
i 0.93 405 1775 18 36
l 0.64 319 1776 11 34
G 1.0 372 1776 31 36
a 0.79 234 1779 26 31
t 0.99 560 1780 17 36
u 1.0 219 1782 25 27
n 1.0 277 1783 26 27
m 0.97 452 1784 36 29
  0.4 487 1787 27 27
T 1.0 858 1787 29 35
h 1.0 889 1787 24 35
s 1.0 506 1788 25 27
P 1.0 1357 1795 27 35
h 1.0 1388 1795 24 35
u 1.0 918 1797 25 26
n 1.0 961 1797 23 26
  0.36 944 1798 15 25
g 1.0 988 1799 26 35
n 1.0 1046 1799 25 26
K 1.0 1875 1804 32 37
c 1.0 1445 1805 25 26
v 1.0 1483 1806 28 25
h 1.0 1909 1806 24 37
h 1.0 1993 1808 24 35
h 1.0 2038 1809 24 34
c 1.0 1963 1814 27 29
n 1.0 2095 1819 24 24
g 0.99 2124 1820 25 35
J 1.0 2133 1827 28 31
  0.4 476 2382 95 84
  0.35 695 2441 59 41
T 1.0 137 2466 24 31
G 1.0 457 2467 29 32
d 0.96 278 2468 24 30
h 0.99 399 2468 23 30
T 0.99 380 2469 28 29
  0.93 506 2469 14 31
d 0.99 523 2469 19 30
S 0.99 591 2469 26 32
h 0.99 826 2471 20 30
o 0.96 484 2472 25 28
g 1.0 342 2474 24 30
e 0.98 424 2474 18 25
o 0.98 638 2474 26 26
h 0.99 939 2474 20 30
n 0.99 221 2475 22 22
g 0.99 242 2475 24 30
n 0.98 320 2475 22 23
e 0.82 432 2475 20 24
S 0.85 581 2475 21 26
i 0.61 1092 2475 12 32
e 0.94 538 2476 21 24
n 0.97 559 2476 19 23
p 0.99 614 2476 25 31
o 0.93 659 2477 21 25
n 0.95 679 2477 22 25
d 0.84 1165 2477 20 30
m 0.99 713 2479 30 23
n 0.99 774 2480 20 22
p 1.0 803 2480 24 31
  0.32 698 2481 13 21
l 0.31 735 2481 9 22
v 0.99 870 2482 20 21
c 0.99 919 2482 20 23
y 0.99 979 2482 23 32
n 0.99 1020 2482 21 26
S 0.99 1112 2482 19 24
u 0.98 959 2483 22 23
t 0.97 1320 2486 13 31
h 0.99 1382 2486 22 30
n 0.99 1204 2488 20 22
g 0.99 1224 2489 22 30
n 0.98 1352 2493 20 24
u 0.82 1404 2493 23 25
n 0.97 1453 2496 20 22
g 0.99 1472 2498 22 30
u 0.94 1507 2499 25 26
u 0.97 1531 2500 19 23
t 0.84 1825 2504 14 28
i 0.77 1837 2504 10 30
l 0.92 1899 2504 10 32
c 0.99 1670 2505 19 24
u 0.98 1722 2508 21 22
q 0.99 1700 2509 19 30
y 1.0 1741 2509 23 30
h 0.99 2024 2509 18 30
n 0.99 1783 2510 20 22
h 0.99 2089 2510 19 30
n 1.0 1868 2512 18 23
v 0.99 1952 2514 20 23
h 0.99 120 2515 21 31
n 0.99 2003 2516 19 22
h 0.99 241 2517 21 30
t 0.94 286 2517 12 28
h 0.98 382 2517 21 30
h 0.96 491 2517 23 31
d 0.95 588 2517 22 32
a 0.98 2045 2517 18 23
n 0.98 2068 2517 18 23
t 0.94 308 2518 13 30
  0.94 457 2518 21 29
t 0.74 482 2518 19 30
t 0.98 404 2519 15 29
t 0.96 415 2519 15 28
n 0.55 502 2519 19 29
k 0.85 576 2522 19 30
c 0.98 101 2523 21 23
n 0.97 163 2523 21 23
g 1.0 184 2523 25 31
n 0.99 218 2524 22 24
p 1.0 424 2524 25 31
o 0.96 557 2524 21 26
  0.55 618 2524 18 27
n 0.92 630 2524 20 26
g 1.0 534 2525 24 32
e 0.91 608 2526 18 25
s 0.96 650 2526 22 24
p 0.97 667 2527 24 30
o 0.74 691 2527 22 25
o 0.77 712 2528 24 27
m 0.95 736 2528 23 24
g 0.99 764 2529 25 29
g 0.97 786 2529 23 31
g 0.99 806 2530 24 32
c 0.99 840 2530 20 24
o 0.96 859 2530 21 25
  0.35 798 2531 17 31
m 0.99 881 2531 29 23
v 0.99 923 2531 21 24
n 0.98 941 2532 19 22
  0.47 966 2532 22 23
X 1.0 118 2565 36 31
h 1.0 215 2566 22 31
  0.95 465 2566 19 32
h 0.98 499 2566 22 31
t 0.92 193 2567 14 29
h 0.99 442 2568 23 31
  0.37 138 2569 17 27
t 0.97 371 2569 14 28
  0.33 690 2571 18 27
k 0.99 699 2571 23 29
h 0.98 718 2571 21 31
k 0.99 759 2571 21 30
u 0.99 149 2572 23 24
a 0.7 259 2572 21 26
c 0.99 425 2572 22 26
i 0.57 739 2572 13 31
h 1.0 832 2572 19 31
t 0.96 801 2573 13 30
n 0.98 336 2574 24 22
n 0.97 477 2574 21 23
  0.34 519 2574 16 25
n 0.96 533 2574 21 23
g 1.0 553 2574 25 32
a 0.91 574 2574 20 25
t 0.97 821 2574 15 29
d 0.84 989 2574 21 30
y 0.98 595 2575 25 33
s 0.97 625 2575 22 25
  0.64 684 2575 17 26
h 0.99 1036 2575 22 30
a 0.67 641 2576 21 26
u 0.98 669 2576 21 24
c 0.99 875 2579 20 25
a 0.95 934 2581 20 24
o 0.99 956 2581 21 25
g 0.99 903 2582 24 30
c 0.99 1017 2582 21 23
z 0.42 335 2613 15 12
  0.41 515 2613 14 12
x 1.0 112 2614 38 30
o 1.0 323 2614 27 33
h 0.98 310 2615 20 31
h 1.0 486 2615 22 33
a 1.0 504 2615 26 34
a 0.99 517 2615 21 33
h 1.0 554 2615 24 34
  0.34 566 2616 15 28
B 0.99 595 2616 16 34
p 0.99 667 2616 26 34
h 1.0 646 2617 25 33
a 1.0 712 2617 26 33
a 0.35 499 2618 19 28
k 0.99 681 2618 23 31
h 1.0 798 2618 22 33
k 0.89 621 2619 21 30
  0.92 571 2620 17 28
h 0.99 701 2620 20 29
h 0.98 765 2620 19 29
g 0.99 234 2621 21 29
a 0.99 242 2621 27 26
c 0.99 378 2621 25 27
k 0.99 463 2621 26 26
k 0.99 891 2621 20 28
h 0.99 911 2621 19 28
d 1.0 919 2621 24 34
O 0.98 939 2621 23 34
u 0.99 144 2622 24 24
n 0.97 210 2622 22 24
a 0.9 256 2622 20 26
c 0.99 746 2622 19 28
y 1.0 280 2623 31 34
c 1.0 530 2623 23 26
d 0.99 1200 2624 17 33
  1.0 1209 2624 21 34
  0.99 777 2625 21 25
h 0.98 1180 2626 21 23
o 0.99 852 2627 25 26
n 0.99 838 2628 21 21
7 0.99 880 2628 23 33
g 0.99 1073 2629 26 34
a 0.96 975 2630 20 20
L 0.96 985 2630 22 25
m 0.99 1043 2630 16 24
n 1.0 1050 2630 21 24
c 0.96 1099 2630 19 20
t 0.99 1163 2630 25 33
  0.95 1310 2630 12 34
n 0.99 952 2631 23 19
c 0.97 1007 2631 23 31
u 0.91 1026 2631 20 28
  0.47 1136 2634 13 27
k 0.81 1330 2634 15 32
t 0.91 1319 2635 19 31
n 0.82 1221 2636 21 14
z 0.95 1252 2637 22 24
t 0.99 1273 2637 23 31
g 0.98 1242 2638 23 27
  0.99 1513 2638 24 33
r 0.47 1293 2640 13 24
  0.31 1306 2640 7 24
  0.33 1315 2640 11 25
i 0.42 1414 2640 17 32
h 0.86 1481 2641 24 30
n 0.86 1360 2642 18 23
  0.98 1371 2643 21 26
c 0.97 1460 2645 21 25
Z 0.98 1494 2646 22 25
h 0.6 1660 2646 21 34
n 0.96 1674 2646 17 33
u 0.99 1688 2647 23 34
X 0.98 1608 2651 21 27
m 0.9 1545 2652 27 20
S 0.5 1603 2652 15 26
  0.66 1726 2652 22 29
a 0.98 1713 2654 22 27
  0.37 2150 146 25 31
7 1.0 2138 149 18 26
2 1.0 2117 151 20 26
1 0.98 2080 154 15 26
2 1.0 2056 155 19 27
9 1.0 1996 161 19 28
1 0.98 1976 162 12 28
0 0.99 1950 164 21 32
2 1.0 1928 166 20 29
  0.67 1913 167 14 31
7 0.99 1892 169 20 29
0 0.99 1870 172 19 29
5 1.0 1836 176 21 28
2 1.0 1814 178 18 28
4 1.0 2136 204 22 27
4 1.0 2136 271 24 28
  0.79 2152 345 18 33
1 0.99 2141 348 14 28
5 1.0 2116 350 22 29
8 1.0 2092 351 20 29
8 0.99 2070 354 20 27
9 0.99 2048 356 18 29
1 0.99 2025 358 14 28
3 1.0 2141 420 20 28
  0.54 1293 577 25 34
5 1.0 1235 578 23 31
5 1.0 1260 579 22 31
  0.42 2164 692 26 37
9 1.0 2114 695 24 34
8 1.0 2141 695 23 33
0 1.0 415 697 22 31
2 1.0 439 697 23 32
1 0.99 663 698 15 32
9 1.0 2060 698 24 33
8 1.0 2088 698 22 32
0 1.0 635 700 23 31
0 1.0 687 701 23 34
6 1.0 2005 701 25 34
4 1.0 2032 701 26 31
7 1.0 1980 703 23 33
3 1.0 1953 704 24 33
4 1.0 1925 706 25 32
0 0.98 1900 708 24 32
2 1.0 436 768 22 30
1 0.98 413 769 14 30
4 1.0 459 770 26 29
  0.31 419 784 9 16
0 0.99 2141 871 24 35
  0.53 2154 871 23 37
3 1.0 2117 873 26 35
9 1.0 2074 875 25 35
1 1.0 2050 876 15 33
2 1.0 2116 950 25 35
2 1.0 2047 951 23 35
7 1.0 2141 951 24 35
1 1.0 2076 952 16 33
  0.62 784 960 12 23
0 0.99 2120 1082 21 30
0 0.99 2144 1082 21 30
0 0.97 2098 1084 20 28
5 1.0 2038 1085 21 29
0 0.99 2060 1085 21 29
0 1.0 1872 1089 22 29
0 1.0 1826 1090 22 30
0 1.0 1849 1090 21 29
2 1.0 1618 1091 20 30
5 1.0 1790 1091 21 30
2 1.0 1767 1093 21 30
0 0.99 251 1129 20 25
0 0.99 331 1131 20 24
2 1.0 715 1137 20 28
9 0.99 737 1137 21 30
9 1.0 761 1137 20 30
0 0.99 2122 1146 20 30
0 0.98 2145 1146 21 30
7 1.0 2061 1148 21 30
0 0.99 2099 1148 20 30
9 1.0 2038 1149 22 29
8 1.0 2015 1150 21 29
0 0.99 1849 1152 21 30
0 0.99 1872 1152 20 30
9 1.0 1768 1154 20 28
9 1.0 1790 1154 21 30
0 0.99 1826 1154 22 28
3 1.0 1616 1155 20 27
2 1.0 1744 1155 21 28
2 1.0 712 1199 20 28
9 1.0 735 1199 22 30
9 1.0 758 1199 20 31
0 0.9 2122 1209 23 30
0 0.98 2100 1210 21 30
0 0.99 2146 1210 22 30
9 1.0 2040 1211 20 30
9 0.98 2062 1211 22 30
0 0.98 1872 1214 22 31
0 0.99 1849 1215 21 30
1 0.99 1619 1216 12 28
9 1.0 1768 1218 21 28
9 0.99 1790 1218 22 30
0 1.0 615 1255 23 31
3 1.0 570 1256 20 29
3 1.0 592 1256 21 29
  0.98 674 1258 20 31
0 1.0 2100 1274 21 32
0 0.99 2124 1274 22 30
0 0.99 2148 1275 20 30
5 1.0 2040 1276 21 30
8 1.0 2064 1276 21 30
2 1.0 1617 1277 20 29
0 0.99 1850 1279 21 30
9 1.0 1790 1280 21 29
2 1.0 1768 1282 20 28
1 0.97 1620 1339 13 31
  0.65 381 1382 13 29
2 1.0 1617 1402 23 32
0 0.99 1828 1404 21 30
0 1.0 2123 1404 22 32
0 0.99 1850 1405 21 31
0 0.99 1874 1405 21 31
1 0.99 2042 1405 12 31
0 1.0 2064 1406 21 32
0 0.99 2100 1406 21 32
0 1.0 2146 1406 22 32
5 1.0 1794 1407 22 29
  0.31 732 1409 28 116
1 1.0 1819 1472 17 33
1 0.99 1887 1474 16 31
1 0.99 1859 1475 17 31
4 1.0 1912 1475 24 30
0 1.0 1980 1475 23 31
0 0.99 2006 1475 25 30
0 0.79 1953 1476 24 30
1 1.0 726 1520 16 34
0 0.99 751 1520 24 35
1 0.97 1860 1541 15 32
1 1.0 1886 1541 16 33
1 1.0 1915 1541 15 33
0 1.0 2007 1541 25 34
0 1.0 1980 1542 25 33
4 1.0 1952 1543 25 30
1 0.95 1826 1614 15 33
2 1.0 1865 1614 23 32
2 1.0 1892 1614 23 32
5 1.0 1919 1614 23 34
0 1.0 1985 1614 25 35
0 1.0 2012 1614 26 35
4 1.0 1958 1615 27 33
1 0.99 1829 1683 13 34
2 1.0 1867 1683 23 34
2 1.0 1895 1683 23 34
5 1.0 1921 1684 24 33
4 1.0 1962 1684 26 35
0 0.99 1990 1684 25 35
0 0.99 2016 1685 26 36
  0.48 2050 1818 15 27
  0.31 494 2325 24 189
  0.35 425 2382 46 77
  0.37 464 2382 47 77
  0.83 177 2466 13 31
7 0.42 731 2476 20 26
  0.73 702 2479 22 23
  0.86 1878 2511 12 23
  0.95 522 2526 14 22
  0.55 753 2530 9 21
2 0.44 595 2613 12 13
  0.96 2151 2761 16 39
  0.86 2197 2761 18 39
  0.89 2159 2762 15 39
1 1.0 2178 2762 17 37
1 0.74 2138 2764 16 37
/ 0.85 1857 174 13 29
{ 0.82 1835 178 8 29
, 0.34 1704 249 6 20
: 0.47 1796 309 7 20
: 0.41 1197 577 8 28
: 0.53 423 642 7 21
: 0.6 390 703 7 23
: 0.31 1875 717 7 24
: 0.69 1770 797 7 25
: 0.63 485 877 7 24
) 0.4 2090 877 10 32
: 0.77 2103 883 8 25
: 0.6 1890 894 7 24
: 0.64 429 950 8 22
: 0.62 2103 961 8 27
: 0.61 1926 967 7 25
/ 0.98 1608 1026 15 33
, 0.32 2085 1092 6 23
* 0.36 558 1128 12 20
( 0.4 378 1188 12 28
" 0.33 376 1195 14 47
( 1.0 533 1317 13 40
\\ 0.9 569 1318 13 38
% 0.87 615 1318 15 40
\\ 0.37 512 1320 13 26
\\ 0.95 651 1320 15 38
" 0.42 335 1322 16 22
\\ 0.81 460 1452 10 26
% 1.0 794 1518 39 39
: 0.39 391 1520 9 26
\\ 0.78 421 1522 11 24
: 0.88 562 1597 8 24
, 0.44 1889 1615 11 34
, 0.33 1852 1622 8 27
: 0.69 627 1669 15 28
, 0.37 1888 1684 12 36
/ 0.91 355 1778 16 34
" 0.9 448 2525 11 24
: 0.76 350 2527 10 21
. 0.34 910 2537 7 16
+ 0.79 1169 2625 15 24
\\ 0.79 1394 2643 13 30
\\ 0.7 1555 2648 10 29
# 0.99 2112 2762 29 39
/ 0.31 2315 3109 71 77
" 0.36 2367 3126 42 55
