Ư 0.62 872 15 12 24
Ư 0.76 834 16 12 24
Ù 0.64 841 18 10 28
Ế 1.0 306 25 22 36
À 1.0 442 29 19 32
Ấ 0.98 74 55 14 21
ỹ 1.0 750 74 12 18
ệ 1.0 781 74 10 16
Ù 0.78 768 96 6 15
Ề 1.0 437 104 11 18
ố 1.0 747 117 11 15
Ù 1.0 473 163 8 19
ú 1.0 457 163 7 19
Ù 1.0 54 164 7 17
Ý 1.0 243 164 8 16
Ù 1.0 421 164 8 17
Ú 1.0 295 165 8 15
Ú 1.0 385 165 9 15
Ú 0.98 495 165 5 17
Ứ 1.0 334 165 7 16
Ư 0.98 180 168 7 13
ấ 1.0 837 171 11 15
Ấ 1.0 877 171 11 15
à 1.0 740 173 8 13
Ù 1.0 668 174 9 12
ơ 0.85 364 184 9 24
Ơ 1.0 173 192 18 16
Ơ 0.98 359 193 21 15
À 1.0 834 193 20 15
Ư 0.92 485 193 11 13
Ư 0.92 575 195 6 14
Ừ 0.74 743 196 7 13
Ừ 0.83 732 197 22 11
Ừ 0.9 840 197 8 12
ỵ 0.97 706 198 12 16
Ơ 0.77 685 200 11 9
Ù 0.97 845 200 11 9
Ề 1.0 483 211 9 16
Ổ 1.0 342 212 11 15
Ư 1.0 441 212 9 14
đ 0.98 372 213 10 13
ủ 0.99 99 213 5 14
à 1.0 254 213 9 13
Đ 0.99 50 214 13 13
Ợ 1.0 62 214 6 16
Ừ 1.0 392 214 11 13
Ừ 1.0 210 214 10 13
Ư 1.0 382 215 12 12
Ù 0.6 185 226 10 23
ố 1.0 474 233 10 15
ú 1.0 270 234 10 15
é 1.0 324 234 8 14
ù 1.0 423 234 9 14
Ừ 1.0 229 235 10 13
Ậ 1.0 363 236 9 14
Ư 1.0 219 237 11 11
ự 1.0 67 260 9 16
Ú 0.53 101 263 7 9
ụ 1.0 117 263 8 12
ụ 0.92 389 320 12 15
À 0.9 488 320 5 14
Đ 1.0 420 320 11 16
Ư 0.95 474 322 9 13
ứ 1.0 517 324 9 11
ú 1.0 110 337 9 13
Ề 1.0 66 337 8 13
ù 1.0 152 337 9 13
Ừ 0.92 463 343 5 15
Ù 0.96 420 345 6 14
Ừ 0.97 680 345 5 14
Ẩ 1.0 517 346 8 12
Ẩ 1.0 622 347 10 12
Ư 1.0 56 358 13 14
ủ 0.99 105 358 5 14
Ợ 1.0 69 360 5 16
Ậ 1.0 75 382 9 17
Đ 1.0 57 382 13 13
ụ 1.0 125 386 8 13
Ầ 1.0 864 404 9 15
Ầ 1.0 676 405 9 15
ù 1.0 802 405 9 14
Đ 1.0 582 406 12 14
ú 1.0 287 407 9 12
Ử 1.0 506 407 8 13
ẫ 1.0 253 407 10 12
ù 1.0 330 407 8 12
Ã 1.0 431 407 9 12
ủ 1.0 466 407 8 12
Ư 1.0 594 407 11 13
ự 1.0 629 407 5 16
ầ 1.0 144 414 8 15
Ỷ 1.0 99 415 8 14
Ơ 0.98 280 433 10 10
ỵ 0.97 468 433 12 10
Ừ 0.99 658 440 19 20
Ứ 1.0 832 441 13 17
Ư 0.99 117 442 10 10
Ứ 0.93 864 442 17 16
Ứ 0.74 321 445 7 14
Ứ 0.89 874 445 11 13
Ứ 0.75 303 445 7 13
Ổ 1.0 162 481 11 15
Ư 1.0 87 484 13 13
Ư 1.0 100 486 11 11
Ề 1.0 854 486 9 15
Ấ 1.0 444 488 10 16
Ă 1.0 661 490 8 13
ù 1.0 809 490 9 13
ề 1.0 271 490 8 13
ù 1.0 305 490 9 14
Ợ 1.0 474 491 11 16
Ư 1.0 464 492 12 12
Ư 1.0 621 492 10 11
ỳ 1.0 624 512 8 15
Ỳ 1.0 655 513 8 14
Ừ 0.99 296 513 9 14
Ừ 0.97 315 514 8 14
Ù 0.98 482 514 8 14
Ơ 0.98 320 517 10 11
ỵ 0.91 827 517 11 10
ỵ 0.99 458 517 11 11
Ư 0.89 158 596 7 15
ú 1.0 696 880 14 18
ớ 1.0 567 882 12 16
Ồ 0.97 596 882 13 16
è 1.0 474 883 10 16
Ừ 1.0 609 885 12 13
Ủ 1.0 101 972 11 17
Ộ 1.0 144 975 9 15
ứ 1.0 100 1023 7 13
ủ 0.94 72 1024 4 11
Ù 0.99 679 1029 6 13
ì 0.76 838 1033 23 22
Ấ 1.0 718 1035 11 12
Ứ 0.99 453 1038 5 13
Ù 0.89 274 1040 5 12
Ớ 1.0 384 1040 10 12
À 1.0 419 1040 9 11
À 1.0 227 1040 9 12
ứ 1.0 300 1040 9 12
Ó 1.0 339 1040 9 12
Ớ 1.0 362 1040 8 12
Ù 1.0 600 1040 13 17
ứ 1.0 147 1040 8 12
Ơ 1.0 791 1041 11 13
Ừ 1.0 99 1041 8 13
Ơ 1.0 393 1041 9 10
Ù 1.0 87 1041 4 12
Ậ 1.0 195 1041 10 15
À 1.0 635 1044 11 14
Ớ 0.93 687 1049 8 15
Â 0.77 672 1050 9 14
Ả 0.99 723 1052 9 17
Ậ 1.0 917 1055 9 14
Ù 1.0 705 1055 8 13
Ỳ 0.97 832 1055 10 19
Ă 1.0 882 1055 10 12
Ổ 1.0 581 1056 9 13
Ư 1.0 874 1056 9 12
Ứ 0.96 744 1056 9 13
Ừ 0.95 802 1056 12 19
Ứ 0.82 828 1056 7 18
Ổ 0.85 476 1056 4 12
ỳ 1.0 616 1056 9 16
Ẽ 0.85 792 1056 11 16
Ớ 0.64 630 1057 8 12
Ấ 1.0 91 1057 10 15
Ử 1.0 332 1057 8 14
À 1.0 436 1057 9 12
Ứ 1.0 480 1057 9 12
ủ 1.0 244 1058 9 13
Ậ 1.0 366 1058 8 14
Ậ 1.0 405 1058 9 14
Ừ 0.98 122 1058 4 13
Ử 0.97 362 1058 4 12
ứ 1.0 293 1058 8 13
À 1.0 157 1059 8 12
À 1.0 196 1059 9 12
À 1.0 222 1059 8 12
ỹ 0.75 841 1059 9 17
Ấ 0.86 649 1066 10 13
Ỵ 0.96 703 1072 5 12
ú 1.0 726 1072 12 14
Ấ 1.0 252 1074 9 15
Ấ 1.0 512 1074 9 14
Ề 1.0 568 1074 10 14
Ổ 0.82 508 1074 3 13
Ù 1.0 325 1075 9 13
Ứ 1.0 444 1075 9 13
Ú 1.0 470 1075 9 13
Ù 0.94 553 1075 4 11
Ư 1.0 759 1076 11 12
Ư 1.0 243 1076 9 13
À 1.0 269 1076 9 13
Ặ 1.0 380 1076 9 15
Ừ 0.78 376 1077 4 11
Ậ 1.0 180 1077 9 14
À 1.0 211 1077 10 12
À 1.0 77 1077 9 13
À 1.0 141 1077 9 13
Ũ 0.98 304 1078 9 10
ỳ 1.0 794 1079 8 14
Ậ 0.99 627 1083 10 15
Ậ 1.0 664 1086 11 13
Ý 0.89 689 1089 15 12
Ừ 0.98 701 1090 10 12
Ừ 0.99 733 1091 6 14
Í 0.66 576 1093 7 11
ỵ 0.69 748 1093 10 16
Ồ 1.0 454 1096 10 21
Ậ 0.99 797 1098 9 13
ủ 1.0 856 1099 8 14
Ù 1.0 547 1099 9 16
Ỵ 1.0 885 1099 10 18
Ị 0.73 344 1100 29 23
Ả 0.98 656 1100 26 17
Ậ 0.98 581 1102 9 17
ậ 0.99 392 1102 9 16
Ý 0.96 683 1102 12 15
ự 0.58 675 1111 10 9
Ù 0.97 706 1124 11 12
ỳ 1.0 726 1126 10 10
Ỉ 0.99 721 1136 10 21
Ị 0.51 704 1144 14 14
Ú 0.55 713 1146 8 17
ý 1.0 153 1158 10 19
ứ 1.0 122 1160 12 13
Ù 0.83 249 1170 31 22
Ồ 1.0 417 1181 23 34
ù 1.0 159 1182 9 14
Ề 1.0 180 1182 9 14
Ừ 0.96 88 1182 6 15
Ủ 1.0 106 1183 11 14
ỵ 1.0 133 1187 10 13
ỳ 0.64 110 1209 16 9
Ư 0.97 150 1210 8 11
Ù 1.0 134 1245 10 13
Ù 0.87 242 1246 18 29
  0.56 820 16 14 19
l 0.99 299 36 7 24
G 1.0 353 36 17 26
l 0.99 372 36 7 25
A 1.0 379 36 18 26
G 1.0 480 36 18 27
P 1.0 263 37 16 23
U 1.0 325 37 16 25
H 1.0 424 37 18 24
i 0.84 442 37 4 23
N 1.0 462 37 17 25
K 1.0 548 37 17 24
l 0.99 565 37 7 23
H 1.0 592 37 17 25
D 1.0 622 37 17 25
A 1.0 656 37 18 25
H 1.0 694 37 16 25
H 1.0 280 37 16 24
P 1.0 521 37 16 25
N 1.0 573 37 17 25
N 1.0 675 37 16 25
l 0.79 583 37 10 26
l 0.95 862 42 9 26
l 0.96 881 45 8 23
I 0.81 943 45 8 21
l 0.91 871 46 7 22
l 0.71 920 46 6 21
l 0.98 925 47 7 19
I 0.99 907 47 7 20
l 0.98 915 47 5 20
l 0.88 852 47 9 19
l 1.0 933 47 8 19
l 0.94 940 48 5 18
r 0.78 829 48 5 18
l 0.97 902 48 6 18
l 0.98 808 48 6 18
l 0.85 898 48 5 18
l 0.53 842 50 9 17
l 0.8 815 50 5 18
  1.0 86 59 17 18
G 0.99 171 61 15 19
L 1.0 105 61 17 16
5 1.0 126 61 12 16
I 1.0 156 61 12 15
J 1.0 139 61 14 16
  0.99 56 65 24 27
o 1.0 461 73 18 20
o 1.0 541 73 18 20
Y 1.0 419 73 17 20
A 1.0 598 73 18 20
s 1.0 648 73 16 20
D 1.0 313 74 16 19
E 1.0 331 74 15 19
L 1.0 348 74 14 19
V 1.0 368 74 17 19
E 1.0 386 74 15 19
R 1.0 404 74 14 19
N 1.0 444 74 15 19
E 1.0 494 74 15 19
F 1.0 526 74 14 19
S 1.0 583 74 17 20
h 1.0 766 74 11 14
T 1.0 478 74 16 19
L 1.0 617 74 14 19
c 1.0 933 74 12 14
R 1.0 559 75 16 18
l 1.0 362 75 6 18
E 1.0 632 75 15 18
i 0.99 776 75 6 12
s 1.0 811 75 11 13
E 1.0 822 75 13 13
v 1.0 834 75 13 13
s 1.0 864 75 10 13
K 1.0 738 75 14 13
T 1.0 847 75 12 13
6 1.0 905 75 8 13
M 1.0 945 75 16 13
1 1.0 897 76 7 12
H 1.0 919 76 14 12
2 1.0 880 76 9 12
0 1.0 888 76 9 12
u 1.0 790 79 12 9
1 0.88 781 96 6 15
s 1.0 744 97 9 13
a 0.99 773 100 8 10
e 1.0 753 101 9 10
n 1.0 762 101 10 8
L 1.0 418 104 11 17
c 1.0 496 104 16 18
i 0.99 430 105 6 16
n 1.0 449 108 12 13
o 1.0 512 108 12 13
p 1.0 525 109 12 17
y 1.0 537 109 12 17
s 1.0 738 120 10 12
N 1.0 745 141 13 13
o 1.0 758 145 10 9
0 1.0 48 168 8 13
c 1.0 68 168 7 14
s 0.96 121 168 5 13
c 1.0 220 168 9 13
c 1.0 353 168 7 13
T 0.99 77 168 7 13
T 1.0 91 168 7 13
s 1.0 140 168 7 13
N 1.0 151 168 9 13
G 1.0 159 168 7 13
E 1.0 168 168 8 13
c 0.98 186 168 7 13
W 1.0 210 168 9 13
M 1.0 272 168 9 13
c 1.0 483 168 7 13
I 0.83 510 168 4 13
N 1.0 61 169 7 12
Y 0.99 82 169 7 12
N 1.0 97 169 9 12
H 1.0 104 169 8 12
H 1.0 111 169 8 12
M 1.0 132 169 10 12
u 1.0 145 169 9 12
L 0.99 174 169 7 11
R 1.0 198 169 6 13
l 0.85 215 169 6 13
W 1.0 234 169 8 12
I 1.0 250 169 7 12
T 1.0 282 169 8 12
l 0.87 301 169 5 11
N 1.0 307 169 9 12
G 1.0 315 169 8 13
U 1.0 321 169 7 12
N 1.0 341 169 8 12
N 1.0 373 169 7 12
N 1.0 393 169 7 12
H 1.0 399 169 8 12
T 1.0 408 169 7 12
H 1.0 415 169 7 12
N 1.0 428 169 7 12
H 1.0 435 169 7 12
P 1.0 445 169 5 13
H 1.0 450 169 7 12
H 1.0 466 169 8 12
N 1.0 513 169 7 12
H 1.0 520 169 8 12
w 1.0 258 169 11 12
H 1.0 288 169 8 11
Y 1.0 328 169 7 12
H 1.0 359 169 7 12
I 1.0 365 169 6 12
H 1.0 378 169 9 12
H 1.0 489 169 7 12
M 1.0 501 169 10 12
T 0.96 191 170 9 11
T 0.91 239 170 5 11
h 1.0 862 173 11 13
K 1.0 565 173 13 13
h 1.0 577 173 10 12
N 1.0 644 173 16 13
h 1.0 730 173 11 13
s 0.98 827 173 11 13
i 0.99 872 173 5 12
i 1.0 701 174 6 12
a 1.0 707 176 8 10
g 1.0 692 177 10 13
o 1.0 715 177 10 9
u 1.0 885 177 11 9
o 1.0 587 177 10 9
g 1.0 658 177 11 13
y 1.0 677 177 9 13
n 1.0 749 177 10 9
p 1.0 852 177 10 13
g 1.0 758 177 10 13
w 1.0 336 191 18 14
a 1.0 513 191 20 16
w 1.0 63 192 20 15
c 1.0 452 192 13 13
s 1.0 48 193 8 12
s 1.0 78 193 7 12
L 1.0 131 193 8 12
N 1.0 95 193 12 12
w 1.0 440 193 17 12
R 1.0 476 193 13 12
A 1.0 55 193 11 12
U 0.99 85 193 11 12
G 1.0 107 193 10 12
E 1.0 122 193 9 12
E 1.0 139 193 10 12
c 1.0 149 193 9 12
T 1.0 158 193 9 12
R 1.0 167 193 9 12
c 1.0 201 193 10 12
s 1.0 211 193 7 12
v 1.0 222 193 11 12
T 1.0 247 193 10 12
I 0.99 277 193 6 12
N 1.0 287 193 11 12
G 1.0 298 193 11 12
Y 1.0 318 193 12 12
E 1.0 329 193 9 12
c 1.0 353 193 10 12
c 1.0 432 194 9 12
N 1.0 186 194 12 11
N 1.0 232 194 11 11
H 1.0 256 194 12 11
U 1.0 308 194 11 11
L 1.0 381 194 9 11
T 1.0 388 194 10 12
D 1.0 397 194 11 11
H 1.0 421 194 11 11
N 1.0 496 194 10 12
c 1.0 506 194 11 12
B 1.0 468 194 9 12
M 0.69 441 195 5 11
B 1.0 560 195 20 13
h 1.0 675 195 8 14
D 1.0 655 196 16 13
i 0.96 679 196 9 13
N 1.0 882 196 15 14
  1.0 719 196 24 12
D 1.0 815 196 16 13
a 0.99 578 199 12 9
m 1.0 587 199 11 9
e 1.0 667 199 11 10
e 0.99 694 199 9 10
a 0.89 736 199 9 10
y 0.94 866 199 12 15
0 1.0 896 199 9 10
r 1.0 701 200 9 8
e 0.95 854 200 9 9
r 1.0 861 200 9 8
T 0.64 476 202 6 4
e 0.98 829 202 8 7
u 0.77 835 202 12 7
h 1.0 89 213 10 13
d 1.0 135 213 13 14
A 1.0 114 213 16 14
d 0.98 126 213 13 14
i 1.0 450 213 6 13
H 1.0 427 214 14 13
T 1.0 461 214 12 13
i 0.99 479 214 4 12
h 1.0 244 214 10 12
B 1.0 269 214 11 12
T 1.0 202 215 8 11
i 0.95 279 215 6 12
t 0.99 285 215 6 12
a 1.0 67 217 9 9
e 0.98 150 217 10 9
s 1.0 158 217 8 10
c 1.0 307 217 9 10
s 1.0 165 217 9 10
e 1.0 290 217 8 10
c 1.0 82 218 7 9
r 1.0 144 218 8 8
a 1.0 220 218 9 9
n 1.0 234 218 10 9
x 1.0 299 218 8 8
o 1.0 315 218 10 9
s 1.0 334 218 8 9
n 1.0 403 218 9 9
g 1.0 412 218 10 13
r 1.0 472 218 7 9
u 1.0 493 218 9 9
s 1.0 583 232 11 13
h 1.0 315 234 10 14
h 1.0 414 234 10 14
h 1.0 441 234 10 14
h 1.0 465 234 9 14
h 1.0 210 234 10 14
N 1.0 293 234 13 14
Q 1.0 342 235 13 16
H 1.0 488 235 13 13
M 1.0 513 235 15 14
P 1.0 202 235 8 13
B 1.0 261 235 10 13
T 1.0 405 235 9 13
c 1.0 502 235 10 14
P 1.0 456 236 10 12
n 1.0 238 239 9 9
n 1.0 279 239 10 9
g 1.0 247 239 10 14
g 1.0 306 239 10 14
u 1.0 355 239 9 9
n 1.0 373 239 9 9
n 1.0 432 239 9 9
D 1.0 50 258 13 14
h 1.0 98 258 9 14
T 1.0 142 258 12 14
l 1.0 161 258 6 14
i 1.0 126 259 5 13
8 1.0 207 259 9 13
i 1.0 62 259 5 13
t 1.0 91 259 7 13
e 1.0 153 263 8 9
n 1.0 76 263 10 9
o 1.0 108 263 9 9
F 1.0 49 282 10 14
O 1.0 303 283 7 13
a 1.0 59 287 8 9
x 1.0 67 287 10 9
  0.55 218 291 8 6
o 0.69 223 291 10 6
c 1.0 819 308 12 14
D 1.0 922 309 13 13
v 1.0 895 309 12 13
N 1.0 908 309 13 13
u 1.0 831 313 11 9
r 0.99 841 313 8 9
r 1.0 847 313 7 9
n 1.0 863 313 10 9
c 1.0 872 313 7 9
y 1.0 880 313 9 14
e 1.0 854 314 7 8
x 1.0 442 320 14 15
N 1.0 400 320 11 15
T 1.0 508 320 12 15
B 0.97 351 321 10 14
N 1.0 379 321 12 14
R 1.0 480 324 8 10
  1.0 551 324 9 14
n 1.0 527 325 9 10
T 0.74 47 329 10 12
h 1.0 126 336 12 14
h 1.0 142 336 11 14
k 1.0 90 336 11 13
T 1.0 56 337 11 13
c 1.0 192 337 12 13
h 1.0 101 337 10 13
t 1.0 217 338 8 12
e 1.0 244 340 7 9
s 1.0 210 340 8 10
n 1.0 75 340 10 10
c 1.0 120 340 7 10
n 1.0 161 340 11 10
g 1.0 170 340 11 14
m 1.0 232 340 11 10
r 1.0 251 340 7 9
u 0.97 202 341 10 8
0 0.97 224 341 7 10
k 1.0 394 343 10 15
h 1.0 402 343 8 15
h 1.0 564 343 8 15
A 1.0 752 344 10 14
v 1.0 775 344 12 14
T 1.0 612 344 12 14
N 1.0 786 344 13 14
K 1.0 541 344 10 14
T 1.0 506 345 12 15
K 1.0 647 345 11 15
h 1.0 694 345 9 14
N 1.0 709 345 11 15
h 1.0 728 345 9 14
h 1.0 455 345 8 14
t 1.0 674 345 7 14
t 1.0 448 345 8 14
t 0.96 472 346 9 12
o 1.0 411 347 10 11
g 1.0 718 347 11 16
n 1.0 526 347 9 11
e 1.0 737 347 10 11
y 1.0 549 347 11 15
n 1.0 632 347 10 12
y 0.95 656 347 10 15
u 0.97 573 348 9 11
  1.0 582 348 8 14
n 1.0 600 348 8 10
n 1.0 684 348 9 11
n 1.0 760 348 11 11
n 1.0 493 348 8 10
a 0.99 484 348 9 12
h 1.0 95 358 11 15
A 1.0 120 358 16 15
d 0.99 140 358 11 14
r 1.0 149 363 8 9
e 1.0 155 363 9 10
a 1.0 74 363 8 10
s 0.94 162 363 8 10
s 0.98 170 363 7 10
C 1.0 88 363 7 10
i 0.99 133 381 6 13
l 0.98 170 381 8 13
h 1.0 105 382 11 13
T 1.0 152 382 13 13
i 1.0 71 383 5 13
t 0.99 100 383 6 12
o 1.0 116 386 9 10
e 0.97 163 386 9 9
n 1.0 84 386 11 10
h 1.0 834 405 11 14
h 1.0 647 405 11 15
N 1.0 778 405 15 15
k 1.0 268 406 11 14
h 1.0 320 406 10 14
M 1.0 415 406 16 14
h 1.0 456 406 11 14
h 1.0 277 406 11 14
h 1.0 305 406 10 14
M 1.0 237 407 16 13
i 0.99 500 407 6 13
c 1.0 827 410 7 10
n 1.0 872 410 11 9
n 1.0 446 410 10 10
n 1.0 474 410 11 10
n 1.0 685 410 11 10
u 1.0 844 410 10 10
c 1.0 297 410 7 9
n 1.0 339 410 10 9
g 1.0 348 410 10 14
v 1.0 491 410 9 10
n 1.0 514 410 11 10
v 1.0 620 410 9 10
u 1.0 657 410 10 10
y 1.0 667 410 10 14
g 1.0 792 410 11 14
y 1.0 811 410 10 14
y 1.0 854 410 10 14
n 1.0 604 411 8 9
c 1.0 640 411 7 9
h 1.0 133 415 11 14
s 1.0 89 416 10 14
p 1.0 123 419 10 15
m 1.0 152 419 15 10
n 1.0 108 420 10 9
  1.0 636 429 10 18
f 0.99 819 429 10 17
c 1.0 248 429 14 15
N 1.0 321 430 15 13
s 1.0 420 430 12 14
h 1.0 437 430 8 14
b 1.0 661 430 12 14
D 1.0 773 430 15 14
T 1.0 595 430 15 15
N 1.0 493 431 14 13
t 1.0 794 431 8 12
t 0.98 274 431 8 13
t 1.0 831 431 9 12
n 0.93 852 432 10 11
m 0.99 456 433 15 10
e 1.0 800 433 8 9
y 0.95 669 433 11 14
r 1.0 836 433 9 10
s 1.0 861 433 8 10
r 0.99 880 433 8 9
u 0.99 261 434 10 9
m 0.99 288 434 12 10
e 0.99 301 434 8 10
n 0.92 477 434 11 9
0 1.0 506 434 9 9
r 1.0 608 434 6 8
e 1.0 642 434 9 9
a 1.0 786 434 9 8
s 0.96 268 434 8 10
r 1.0 309 434 7 9
a 1.0 429 434 9 9
e 1.0 442 434 9 9
s 0.99 450 434 8 10
n 1.0 622 434 10 9
s 0.99 631 434 9 9
r 1.0 650 434 7 8
0 0.99 334 434 10 10
m 0.59 289 437 6 8
N 0.64 326 438 6 7
P 1.0 102 438 11 14
d 0.99 126 439 10 13
t 0.99 149 440 8 12
u 1.0 134 442 11 10
C 1.0 143 442 8 10
r 1.0 112 442 7 10
1 1.0 842 443 8 15
t 1.0 684 446 9 13
  1.0 672 446 13 13
z 1.0 345 447 9 12
h 1.0 138 483 12 14
n 1.0 109 487 11 10
s 1.0 154 488 7 9
s 1.0 434 489 10 15
T 1.0 788 489 11 14
h 1.0 799 489 11 14
h 1.0 828 489 11 14
l 1.0 459 490 6 14
h 1.0 294 490 12 14
i 0.99 849 490 7 13
T 1.0 260 490 11 14
D 1.0 605 490 16 14
i 1.0 656 491 5 12
t 1.0 844 491 6 12
n 1.0 818 493 11 10
n 1.0 863 493 11 10
g 1.0 495 494 9 15
n 1.0 630 494 10 10
g 1.0 644 494 14 15
n 1.0 280 494 10 11
n 1.0 484 494 11 10
g 1.0 324 495 10 14
n 1.0 314 495 11 10
s 1.0 103 506 9 14
o 1.0 115 506 14 14
N 1.0 133 506 14 14
0 1.0 146 510 9 10
A 1.0 802 512 14 16
Q 1.0 437 513 15 18
u 1.0 603 514 13 14
D 1.0 255 514 16 14
r 0.98 648 514 10 13
t 1.0 853 514 7 14
t 1.0 309 515 9 13
t 1.0 476 515 8 13
t 1.0 487 515 6 13
h 0.61 611 516 9 12
t 1.0 629 516 6 12
e 1.0 668 517 8 11
m 1.0 815 517 15 11
w 0.99 835 517 14 10
a 1.0 660 517 10 11
m 1.0 843 517 13 10
n 1.0 615 517 9 10
u 1.0 450 517 12 11
n 1.0 467 517 10 10
p 1.0 638 517 13 15
e 1.0 268 518 9 10
c 1.0 283 518 10 10
p 0.96 301 518 9 14
n 0.99 328 518 10 9
y 1.0 492 518 9 14
r 0.99 290 518 8 10
s 1.0 276 519 9 9
Z 0.7 593 543 26 24
s 1.0 251 560 11 15
P 1.0 136 560 11 15
A 1.0 278 560 14 15
V 0.99 371 560 13 15
M 1.0 262 561 13 15
X 1.0 353 561 10 14
o 0.99 145 561 12 15
F 1.0 317 561 9 14
Z 1.0 326 561 10 14
K 1.0 336 561 11 14
F 1.0 345 561 10 14
S 0.64 359 561 7 14
X 0.99 363 561 12 14
s 1.0 331 590 10 22
R 1.0 136 595 14 16
E 1.0 252 595 10 16
c 0.99 323 595 9 15
E 1.0 342 595 10 15
w 0.92 361 595 28 17
B 1.0 261 597 11 14
P 1.0 276 597 11 13
G 1.0 351 597 12 13
o 1.0 146 597 11 15
3 0.98 126 597 10 15
0 1.0 90 598 14 14
  0.66 134 605 11 6
J 1.0 824 878 13 20
  1.0 770 879 14 17
h 1.0 555 882 14 16
A 1.0 653 882 16 16
K 1.0 459 882 17 17
h 1.0 516 882 12 16
T 1.0 668 882 14 16
V 1.0 638 883 15 15
t 1.0 509 885 8 14
n 1.0 620 887 12 11
s 1.0 687 887 9 11
m 1.0 485 888 19 12
a 1.0 579 888 10 10
o 1.0 538 888 11 10
e 1.0 528 888 10 10
T 1.0 91 975 10 13
c 1.0 136 978 7 10
n 1.0 154 978 9 10
n 1.0 111 979 10 9
g 1.0 163 979 10 13
g 1.0 121 979 10 13
l 0.96 144 995 6 15
t 0.98 131 996 7 12
T 1.0 112 997 14 13
a 0.93 137 1000 10 10
o 1.0 124 1000 9 10
G 1.0 50 1024 11 12
h 1.0 90 1024 8 12
h 1.0 63 1024 8 11
c 1.0 81 1026 8 10
w 0.99 624 1029 14 11
d 1.0 669 1029 10 13
w 1.0 638 1029 13 11
w 1.0 651 1030 13 11
e 1.0 683 1033 10 10
n 1.0 694 1034 8 10
m 1.0 708 1036 10 11
h 1.0 767 1037 10 13
y 1.0 729 1037 8 13
x 1.0 738 1038 9 10
a 1.0 747 1038 10 11
n 1.0 757 1039 10 11
i 0.98 428 1039 4 12
h 1.0 445 1040 8 11
k 1.0 283 1040 9 12
h 1.0 353 1040 9 11
h 1.0 466 1040 8 11
k 1.0 258 1040 9 12
h 1.0 291 1040 8 12
t 1.0 415 1040 4 11
k 1.0 130 1041 9 11
h 1.0 138 1041 8 11
h 1.0 187 1041 8 11
h 1.0 219 1041 7 11
h 1.0 267 1041 7 11
l 1.0 95 1041 4 12
c 1.0 781 1041 11 11
v 1.0 68 1041 10 12
c 1.0 437 1042 7 9
n 1.0 457 1042 8 9
n 1.0 402 1042 7 9
g 1.0 318 1042 8 13
c 1.0 331 1042 8 10
a 1.0 371 1042 9 10
g 1.0 245 1043 8 13
n 1.0 309 1043 8 9
g 1.0 165 1043 8 13
n 1.0 157 1043 7 10
n 1.0 179 1043 7 10
n 1.0 205 1043 8 10
n 1.0 237 1043 8 9
m 1.0 802 1043 12 9
c 1.0 589 1044 11 12
u 1.0 79 1044 7 9
n 1.0 109 1044 7 9
i 0.5 605 1044 9 14
g 1.0 117 1045 8 12
A 1.0 610 1045 11 12
H 1.0 625 1047 11 12
L 0.52 591 1048 9 16
N 1.0 646 1048 10 12
G 0.99 657 1049 9 11
  0.96 679 1053 7 13
N 0.99 697 1053 8 13
G 0.84 656 1053 12 15
i 1.0 891 1054 5 12
h 1.0 909 1054 8 12
M 1.0 714 1055 9 12
n 0.98 856 1056 8 12
k 1.0 735 1056 11 13
h 0.98 768 1056 11 14
s 1.0 503 1057 9 12
7 0.62 693 1057 6 11
n 1.0 927 1057 7 10
i 0.84 591 1058 3 11
F 0.72 655 1058 6 11
n 1.0 900 1058 8 9
x 0.98 747 1058 10 11
g 1.0 864 1058 10 13
l 0.98 218 1058 4 12
h 1.0 428 1058 8 12
a 0.6 637 1058 9 11
b 1.0 235 1059 10 12
h 1.0 284 1059 8 11
h 1.0 397 1059 8 11
H 1.0 779 1059 12 12
g 1.0 560 1059 9 13
q 1.0 599 1059 9 13
h 1.0 79 1059 8 12
i 0.99 87 1059 4 13
h 1.0 148 1059 8 12
u 1.0 609 1059 6 9
t 0.81 644 1060 6 8
a 1.0 490 1060 8 9
v 1.0 573 1060 8 9
P 1.0 69 1060 9 12
c 1.0 376 1060 7 10
a 1.0 513 1060 9 9
m 1.0 522 1060 12 9
s 1.0 535 1060 7 9
u 0.99 544 1060 7 9
n 1.0 552 1060 8 9
n 1.0 446 1061 7 8
c 1.0 324 1061 8 10
a 1.0 341 1061 9 10
v 1.0 354 1061 8 9
n 1.0 388 1061 7 8
n 1.0 415 1061 8 8
g 1.0 467 1061 9 12
n 1.0 302 1061 7 10
g 1.0 310 1061 10 13
g 1.0 454 1061 9 12
g 1.0 174 1061 9 13
n 1.0 254 1061 7 10
g 1.0 262 1061 9 13
c 1.0 276 1061 7 10
g 1.0 114 1062 8 12
o 1.0 135 1062 8 10
n 1.0 166 1062 7 9
n 1.0 188 1062 8 9
y 1.0 205 1062 10 12
a 0.97 126 1062 8 9
u 1.0 101 1063 8 9
K 0.92 631 1067 9 11
h 0.99 640 1068 9 10
T 1.0 685 1071 10 10
0 0.54 647 1071 5 10
h 1.0 695 1072 8 10
T 1.0 712 1073 10 12
k 1.0 493 1075 8 12
h 1.0 501 1075 7 12
t 0.99 454 1076 5 12
r 1.0 721 1076 7 10
T 1.0 750 1076 10 12
h 1.0 347 1076 9 12
l 1.0 265 1077 4 12
y 1.0 599 1077 8 14
n 1.0 737 1077 8 10
h 1.0 203 1078 8 11
a 0.94 544 1078 8 12
h 1.0 69 1078 7 12
h 1.0 172 1078 8 11
c 1.0 462 1078 8 10
c 1.0 480 1078 8 10
u 1.0 523 1078 6 10
n 1.0 535 1078 8 9
v 1.0 560 1078 9 9
s 0.97 317 1079 8 9
c 1.0 339 1079 8 9
c 1.0 390 1079 7 9
e 0.99 410 1079 8 9
m 1.0 419 1079 12 9
m 1.0 279 1079 11 10
c 1.0 296 1079 8 10
o 0.98 356 1079 8 9
x 1.0 402 1079 7 9
x 1.0 436 1079 9 9
K 1.0 784 1079 10 11
v 1.0 368 1079 9 9
n 1.0 189 1080 8 9
n 1.0 769 1080 9 10
n 1.0 221 1080 8 9
g 1.0 229 1080 9 13
g 1.0 96 1080 8 13
g 1.0 132 1080 9 13
n 1.0 163 1080 7 9
n 1.0 124 1081 7 9
y 1.0 150 1081 8 12
n 1.0 87 1081 7 9
L 1.0 654 1085 10 11
u 1.0 608 1085 9 10
y 1.0 618 1085 8 12
a 1.0 639 1087 8 9
n 0.94 675 1090 8 10
T 0.98 722 1090 11 13
N 1.0 764 1096 11 11
n 1.0 738 1096 10 10
h 1.0 787 1097 9 12
n 0.78 713 1098 7 7
g 1.0 776 1098 8 14
l 0.99 880 1098 5 15
  0.6 701 1099 5 8
A 0.99 812 1099 14 12
Q 1.0 831 1099 15 16
M 1.0 614 1100 15 14
s 1.0 631 1101 11 14
  0.53 845 1101 10 12
B 1.0 538 1102 9 12
v 0.99 380 1102 12 13
h 1.0 425 1102 9 13
T 1.0 644 1102 9 13
n 0.92 825 1102 9 9
h 1.0 280 1102 14 13
K 1.0 269 1103 12 13
n 1.0 864 1103 12 10
v 0.98 572 1104 10 12
c 1.0 417 1105 7 10
o 0.95 557 1105 9 9
u 1.0 435 1106 10 9
n 1.0 464 1106 9 9
n 1.0 402 1106 9 9
v 1.0 445 1106 10 10
v 0.56 433 1111 6 4
y 1.0 444 1111 10 9
v 0.8 665 1111 12 7
e 0.63 684 1111 10 9
s 0.96 694 1111 11 10
r 0.97 716 1111 10 11
M 1.0 832 1122 16 14
c 1.0 673 1123 14 14
G 1.0 547 1123 13 15
T 1.0 385 1124 12 14
t 1.0 568 1125 6 12
w 1.0 246 1125 18 15
h 1.0 283 1125 11 14
t 1.0 448 1125 9 13
8 1.0 872 1125 10 15
e 1.0 881 1125 8 10
r 1.0 888 1125 9 10
u 1.0 685 1126 11 11
m 1.0 856 1126 10 10
a 1.0 864 1126 10 9
s 1.0 693 1126 10 10
r 0.99 736 1127 9 9
a 1.0 559 1128 9 10
m 0.97 714 1128 13 8
p 1.0 423 1128 12 16
e 1.0 454 1128 9 10
e 1.0 573 1128 8 9
m 1.0 405 1128 14 10
s 0.99 418 1128 8 10
o 0.84 434 1128 9 10
r 1.0 462 1128 7 10
r 1.0 395 1128 7 10
a 1.0 401 1128 9 10
r 1.0 441 1128 9 10
u 1.0 300 1129 9 10
e 1.0 315 1129 9 10
s 1.0 307 1129 9 10
r 1.0 269 1129 8 10
t 0.52 724 1129 7 11
a 1.0 261 1130 13 9
e 1.0 276 1130 8 9
h 1.0 671 1147 17 21
o 0.9 688 1150 15 18
M 0.82 705 1154 23 22
w 0.89 701 1155 12 13
k 1.0 144 1158 11 15
h 1.0 112 1159 11 14
c 1.0 101 1159 12 14
  0.99 566 1169 26 23
  0.99 556 1170 18 20
l 0.69 777 1179 12 29
h 1.0 78 1182 11 15
h 1.0 122 1182 11 15
G 1.0 65 1183 13 14
  0.97 293 1183 17 28
t 1.0 174 1184 7 13
  0.98 384 1184 26 45
m 1.0 736 1186 23 22
v 1.0 149 1187 10 9
n 1.0 189 1187 11 9
r 1.0 99 1187 8 10
L 1.0 646 1189 24 26
0 1.0 438 1192 16 21
u 0.56 434 1194 6 19
w 0.96 770 1195 9 11
j 0.96 414 1202 6 14
u 0.8 435 1202 11 11
U 0.99 684 1202 17 20
w 0.99 711 1202 16 14
V 1.0 406 1202 9 16
  0.87 676 1203 12 14
U 1.0 279 1203 15 15
m 0.6 142 1207 21 11
S 1.0 99 1207 8 15
  0.99 104 1207 11 11
t 1.0 137 1208 8 12
e 1.0 158 1210 9 10
u 1.0 143 1210 11 10
8 1.0 111 1211 11 15
m 1.0 120 1211 12 10
a 0.82 129 1211 10 10
S 1.0 303 1212 18 17
7 0.99 568 1221 24 32
6 0.99 584 1225 19 32
a 1.0 409 1240 16 19
  0.77 268 1241 10 20
z 0.92 659 1242 22 25
N 1.0 111 1245 14 13
9 0.99 408 1245 19 34
y 1.0 143 1248 10 14
g 1.0 124 1250 11 14
U 0.86 427 1256 10 17
  0.75 269 1258 12 22
b 0.95 306 1260 19 25
J 0.73 919 1265 21 18
D 1.0 115 1266 14 15
t 1.0 135 1268 8 12
e 1.0 141 1270 8 10
a 1.0 127 1271 9 9
0 0.97 639 35 17 27
1 0.58 291 35 7 26
0 0.99 396 35 18 27
  0.63 889 47 8 19
1 1.0 468 105 8 16
1 1.0 556 105 7 16
3 1.0 835 117 13 19
1 1.0 850 117 12 19
2 1.0 790 117 13 19
9 1.0 805 117 14 19
9 1.0 820 117 14 19
7 1.0 865 117 14 21
0 0.99 775 118 13 19
0 1.0 204 168 7 13
4 0.98 126 169 7 13
  0.56 376 202 5 5
2 1.0 357 214 9 13
9 0.99 694 230 13 15
2 1.0 666 231 10 14
0 1.0 676 231 10 14
0 0.98 709 231 11 13
0 0.99 733 231 11 14
5 1.0 594 231 8 13
2 1.0 602 231 10 14
1 1.0 687 231 7 14
2 1.0 742 231 10 14
1 0.99 926 231 6 13
4 1.0 845 232 9 12
7 1.0 856 232 9 12
7 1.0 865 232 10 12
7 1.0 885 232 10 12
0 1.0 611 232 10 13
7 0.98 718 232 10 13
8 1.0 835 232 9 12
8 1.0 875 232 10 12
2 0.91 896 232 9 12
4 1.0 905 232 9 12
9 1.0 916 232 8 12
1 1.0 388 235 7 13
7 1.0 283 258 10 14
3 1.0 292 258 9 14
1 1.0 302 258 6 14
4 1.0 214 259 10 13
8 1.0 223 259 9 13
3 1.0 243 259 9 13
9 1.0 252 259 9 13
1 0.99 261 259 7 13
5 1.0 269 259 9 13
0 0.99 309 259 9 14
8 1.0 223 282 9 14
5 1.0 269 282 9 14
8 1.0 206 282 9 14
9 1.0 252 282 9 14
1 1.0 261 282 8 14
7 1.0 283 282 9 14
2 1.0 309 282 9 14
4 1.0 214 283 10 13
3 1.0 243 283 9 13
4 1.0 291 283 10 13
3 1.0 360 321 10 14
0 0.99 342 344 11 14
0 1.0 352 344 10 13
8 1.0 379 344 10 14
7 1.0 429 344 10 14
0 1.0 362 345 9 14
3 1.0 370 345 10 15
8 1.0 383 368 9 14
8 1.0 392 368 10 13
3 1.0 410 368 9 13
3 1.0 428 368 9 13
0 1.0 338 368 9 13
3 1.0 402 368 8 14
2 1.0 355 368 11 14
5 1.0 366 368 10 14
9 1.0 420 368 9 14
5 1.0 375 369 9 13
1 1.0 348 369 8 14
0 0.86 813 433 10 10
7 0.94 844 433 9 9
7 0.98 613 434 10 9
0 0.78 291 443 12 15
9 0.98 850 444 11 15
7 1.0 889 444 9 14
9 1.0 898 445 10 13
9 1.0 372 445 11 14
2 1.0 823 445 11 13
0 1.0 310 446 10 14
  1.0 363 446 9 14
9 1.0 327 446 10 14
7 0.99 336 447 11 12
3 1.0 354 447 10 13
0 1.0 192 560 10 15
  0.98 547 560 8 14
0 1.0 298 560 11 15
0 1.0 174 561 12 14
9 1.0 229 561 10 15
3 1.0 290 561 9 14
0 0.96 90 561 11 15
3 1.0 126 561 9 15
6 1.0 183 561 11 14
5 0.98 202 561 14 16
9 1.0 219 561 11 15
5 1.0 308 561 9 14
0 1.0 101 562 9 14
2 1.0 117 562 10 13
2 1.0 210 562 10 13
4 1.0 238 562 10 13
1 1.0 110 562 7 15
9 1.0 165 562 10 15
1 1.0 157 563 8 14
  0.59 547 585 8 27
6 0.99 184 589 8 23
5 0.5 203 590 5 22
9 1.0 161 594 21 17
0 1.0 303 594 15 18
2 1.0 119 595 11 15
6 1.0 179 595 18 16
1 1.0 296 595 8 16
0 1.0 312 595 16 15
1 1.0 288 596 8 14
1 1.0 110 597 7 14
0 1.0 189 597 18 13
0 1.0 102 597 9 15
  0.88 203 597 13 15
0 1.0 174 597 15 15
9 1.0 219 597 14 15
  0.66 111 605 5 6
4 1.0 810 876 14 22
0 1.0 781 882 11 14
4 1.0 547 976 12 17
1 1.0 51 1042 5 12
  0.98 758 1058 11 12
  0.95 813 1058 11 18
2 1.0 50 1061 9 11
7 1.0 668 1068 8 11
5 0.99 583 1077 7 10
4 0.99 591 1077 9 16
  0.93 717 1095 8 22
  0.92 726 1096 10 21
  0.87 713 1103 18 14
  0.99 675 1104 8 12
  0.54 735 1104 9 13
7 0.57 726 1105 7 14
0 0.9 291 1106 9 11
2 0.78 705 1107 9 13
7 0.99 725 1111 11 10
5 0.99 746 1111 9 13
3 0.99 736 1111 10 13
  1.0 756 1112 9 12
  0.99 784 1114 9 13
7 1.0 794 1115 9 13
1 0.96 806 1116 6 12
1 0.78 413 1128 7 10
0 0.99 292 1129 9 10
0 0.98 761 1191 11 15
  0.98 557 1219 17 17
  0.87 555 1220 22 33
7 1.0 533 1224 27 28
  0.88 241 1239 16 17
\\ 0.93 796 12 10 34
\\ 0.91 871 14 6 23
\\ 0.51 862 15 7 22
\\ 0.81 898 15 6 21
\\ 0.76 807 16 7 18
\\ 0.92 934 16 9 26
\\ 0.82 853 16 9 18
\\ 0.78 944 19 7 21
, 0.51 318 20 10 12
\\ 0.92 888 25 12 36
) 1.0 711 35 11 32
( 0.72 509 35 11 34
. 1.0 537 38 9 26
_ 0.69 834 42 16 25
\\ 0.93 797 43 9 25
\\ 0.98 820 43 10 23
\\ 0.57 876 45 6 21
( 1.0 517 74 8 24
/ 1.0 874 74 6 14
- 1.0 858 75 7 15
) 1.0 664 75 8 24
- 1.0 913 75 6 14
) 0.96 785 96 8 17
( 0.98 739 97 6 16
/ 1.0 483 104 10 18
: 0.96 764 123 3 8
. 0.98 768 139 4 17
( 0.97 738 141 6 15
) 0.99 772 141 5 15
[ 0.98 537 165 8 19
) 0.67 17 170 21 16
+ 0.91 346 170 6 14
* 0.78 741 188 11 20
_ 0.62 785 192 15 22
_ 0.74 798 193 15 16
, 0.95 375 194 5 14
\\ 0.52 32 194 10 22
* 0.98 411 195 6 11
_ 0.64 26 196 20 13
@ 0.96 749 199 8 10
( 0.99 108 213 9 15
) 1.0 172 214 7 14
, 1.0 501 217 7 14
, 0.99 323 218 6 12
: 0.98 190 218 4 9
* 1.0 727 234 6 12
" 0.64 652 235 14 13
, 0.99 333 236 5 15
, 0.99 394 238 6 14
( 1.0 201 257 6 17
) 1.0 166 258 6 18
) 1.0 232 259 6 17
( 1.0 138 259 5 17
: 0.98 190 261 4 12
" 0.61 176 262 11 12
( 0.81 200 282 8 17
) 1.0 232 283 6 17
: 0.94 190 287 4 9
\\ 0.85 201 292 7 8
" 0.83 309 292 9 11
% 0.98 339 320 13 15
# 0.99 462 320 12 14
※ 0.99 541 320 11 15
% 0.99 432 321 12 14
- 0.68 496 322 7 14
_ 1.0 409 323 12 15
= 1.0 453 323 11 15
_ 1.0 368 325 13 13
) 1.0 257 337 7 14
( 1.0 185 337 7 14
: 0.98 274 341 6 8
@ 1.0 590 347 9 12
, 1.0 437 348 7 14
, 1.0 558 348 5 15
, 1.0 664 348 6 15
_ 0.85 325 348 19 15
( 1.0 114 358 8 16
/ 0.99 132 358 11 14
) 1.0 176 358 8 15
_ 0.76 316 370 22 18
( 0.98 149 381 5 17
) 1.0 175 383 8 14
_ 0.56 225 410 12 14
. 0.78 514 428 4 14
@ 0.9 870 432 12 13
~ 0.84 124 434 20 12
; 1.0 884 445 6 12
- 0.79 861 447 5 11
@ 0.98 125 484 10 14
. 0.99 136 486 4 11
/ 1.0 109 506 8 16
. 0.98 154 508 4 12
~ 0.93 273 562 7 13
} 0.81 227 596 18 16
+ 1.0 836 877 16 24
/ 0.99 790 878 15 18
^ 0.75 763 884 12 14
; 0.97 709 888 4 10
. 0.53 597 1020 25 20
: 0.92 109 1026 4 9
\\ 0.92 664 1026 5 16
_ 0.53 31 1031 18 15
/ 0.99 58 1041 6 12
. 0.88 475 1041 3 10
/ 0.99 58 1060 7 14
\\ 0.9 205 1061 3 12
% 0.61 630 1062 7 13
/ 0.67 658 1068 6 11
. 0.73 676 1068 5 14
* 0.83 607 1076 5 16
& 1.0 109 1078 10 12
_ 0.57 50 1079 11 16
_ 0.56 56 1080 12 13
\\ 0.89 850 1090 6 27
" 0.52 372 1101 7 16
_ 0.63 605 1103 12 14
' 0.66 654 1106 5 9
~ 0.64 662 1111 7 9
- 0.59 655 1114 13 16
* 0.98 771 1114 7 13
^ 0.63 232 1118 10 26
* 0.75 847 1119 10 21
_ 0.79 583 1127 9 14
_ 0.8 229 1132 17 12
" 0.69 322 1132 6 10
^ 0.73 325 1132 7 10
" 0.96 304 1156 21 33
\\ 0.98 530 1156 35 41
/ 0.87 583 1159 25 35
+ 1.0 274 1163 20 36
_ 0.99 418 1168 20 22
/ 0.93 305 1178 11 20
) 0.99 200 1181 5 18
. 0.99 696 1182 8 11
( 0.99 59 1183 6 17
\\ 0.5 647 1188 6 20
} 0.87 678 1188 21 35
( 0.83 381 1189 14 25
^ 0.94 656 1189 15 13
\\ 0.72 381 1202 7 15
' 0.96 446 1202 8 12
% 0.94 703 1202 10 14
) 0.6 89 1208 10 15
@ 0.78 320 1213 10 16
/ 0.85 574 1218 17 20
\\ 0.99 428 1236 6 22
, 1.0 440 1238 18 33
\\ 0.97 397 1239 11 37
> 1.0 699 1239 29 32
\\ 0.91 309 1241 12 23
\\ 0.61 286 1243 8 18
_ 0.51 236 1247 7 28
