Ư 0.71 779 29 8 23
ơ 0.99 112 74 15 29
ù 1.0 773 78 17 22
ú 0.95 858 80 12 20
Ư 0.93 832 81 23 19
ỵ 0.93 802 81 24 19
ờ 0.93 709 82 24 20
ồ 1.0 597 133 8 11
Ú 1.0 625 134 4 10
ú 1.0 578 134 7 11
À 1.0 537 134 7 11
ứ 1.0 496 135 8 10
À 1.0 432 136 7 10
ự 1.0 324 137 7 12
Ẩ 1.0 386 137 7 9
Ư 1.0 105 139 7 10
Ồ 1.0 600 160 8 11
Á 1.0 480 161 7 11
À 1.0 512 161 7 13
À 1.0 560 161 6 10
Ầ 1.0 437 162 8 10
Ả 1.0 359 162 7 11
Ừ 1.0 404 163 7 10
Ờ 1.0 293 163 8 10
ă 1.0 329 163 6 10
Ổ 1.0 255 164 8 9
Ẩ 1.0 278 164 7 9
Ứ 0.99 205 165 3 9
À 1.0 186 165 7 10
Ư 1.0 396 165 8 7
ú 0.93 106 165 4 12
ử 0.98 135 165 4 10
Ù 1.0 153 166 7 9
ư 1.0 286 166 8 7
ù 1.0 97 167 9 9
Ừ 1.0 698 186 8 10
ú 1.0 688 186 7 10
Ấ 1.0 662 186 7 10
Ơ 1.0 706 188 9 8
Ắ 1.0 105 192 7 10
À 1.0 123 192 8 10
À 1.0 625 209 6 10
á 1.0 688 209 7 10
Ù 0.99 699 209 7 10
Ă 1.0 657 210 7 9
Ơ 1.0 706 211 9 8
Ù 1.0 114 215 7 10
À 1.0 169 215 8 9
ú 0.98 151 217 7 7
Ứ 1.0 863 237 7 10
Ễ 1.0 898 237 6 10
Ă 1.0 534 240 8 10
Ư 1.0 647 240 9 10
Đ 1.0 495 242 9 9
Ă 1.0 363 242 7 10
Ư 1.0 506 242 7 9
Ợ 1.0 385 243 8 11
Ư 1.0 378 244 8 8
Ầ 1.0 139 244 7 10
ủ 1.0 105 245 8 9
ừ 1.0 135 317 19 20
ú 1.0 597 402 8 10
ớ 1.0 567 402 8 10
Ú 1.0 524 403 7 10
Ồ 1.0 592 429 8 10
ú 1.0 532 431 4 9
Ạ 1.0 545 431 8 11
Ắ 1.0 632 454 7 12
Ú 1.0 524 456 7 10
ê 1.0 558 456 7 10
Ứ 1.0 594 456 8 10
Ư 1.0 586 458 9 8
Ơ 1.0 532 484 9 9
ủ 1.0 672 616 4 9
À 1.0 716 616 7 9
Ấ 1.0 634 616 9 10
Ợ 0.99 643 616 4 12
Á 1.0 439 618 7 9
Ử 0.99 382 618 4 10
Ấ 1.0 343 618 9 10
Ợ 0.99 353 618 4 12
ú 1.0 173 619 7 11
Ú 1.0 401 619 7 8
Ù 1.0 643 640 7 10
Ử 0.93 664 640 3 9
Ù 0.99 650 640 3 10
Ù 1.0 352 642 8 10
Ẩ 0.99 392 642 8 9
Ừ 1.0 830 655 7 10
Ổ 1.0 643 656 7 10
Ấ 1.0 728 658 7 8
ù 1.0 402 658 8 10
Ỵ 1.0 372 661 7 9
Ớ 0.99 792 672 7 10
Ắ 1.0 754 672 8 10
Ắ 1.0 514 673 7 11
Ạ 1.0 662 673 7 12
È 1.0 688 673 7 9
Ư 1.0 745 673 9 9
Ầ 1.0 407 673 7 11
À 1.0 533 673 6 11
Ù 0.97 448 675 3 9
À 1.0 473 675 7 10
Ừ 1.0 367 675 7 10
Ư 1.0 359 678 8 7
Ù 0.85 643 689 3 10
À 1.0 725 689 7 9
ú 1.0 679 690 7 8
Ô 1.0 472 691 7 10
Ú 0.98 352 691 8 11
Ú 0.98 390 691 4 10
Á 1.0 427 692 6 9
Ù 1.0 198 844 8 14
Ù 1.0 162 845 10 13
Ư 1.0 115 845 12 11
Ẩ 0.96 229 858 11 12
Ấ 0.99 232 861 6 13
Ẻ 1.0 349 861 8 12
Ấ 0.6 311 862 9 8
Ừ 0.92 148 863 7 10
Ự 0.99 333 863 7 12
Ề 0.99 398 864 6 10
ứ 0.94 484 864 5 10
ý 1.0 312 865 7 10
Ừ 1.0 420 865 7 10
Ú 1.0 686 865 7 9
Ừ 1.0 282 865 6 9
ú 0.96 518 865 4 10
ú 1.0 637 865 6 10
ú 1.0 666 865 7 10
ư 1.0 536 866 6 8
Ư 1.0 203 866 8 8
Ẩ 0.98 461 866 6 8
ụ 0.97 130 867 7 7
Ư 1.0 176 867 7 6
ụ 0.98 602 867 7 9
Ỵ 1.0 370 867 8 9
Í 0.52 409 878 3 6
ồ 1.0 299 880 6 11
ủ 1.0 613 880 5 12
À 1.0 279 880 6 11
ầ 0.99 436 880 6 11
Ẳ 1.0 627 881 7 12
ổ 1.0 663 881 7 11
Ử 1.0 829 881 8 12
Ẩ 0.99 273 882 6 10
ứ 1.0 130 882 7 9
ứ 1.0 232 882 6 9
Â 1.0 255 882 7 11
ú 0.79 364 882 4 9
ú 0.84 498 882 5 10
Ậ 1.0 520 882 6 12
À 1.0 542 882 7 10
ứ 1.0 687 883 8 10
Ơ 0.92 406 885 6 6
Ư 0.97 469 885 7 7
Ứ 0.99 584 885 6 7
ỳ 0.99 646 885 6 10
Ù 0.73 649 885 4 7
Ơ 1.0 778 885 6 8
Ú 0.99 857 885 7 9
Ấ 1.0 891 885 6 9
Ơ 1.0 715 885 7 8
Ừ 0.74 291 886 6 21
Ơ 0.99 770 886 7 7
Ơ 1.0 808 886 9 9
ỵ 0.88 361 886 16 16
Ẳ 1.0 290 898 7 11
Ồ 1.0 251 898 7 11
Ả 1.0 388 898 7 11
Ả 1.0 693 898 8 12
ủ 0.97 231 899 3 9
ủ 0.92 338 899 4 9
Ồ 1.0 107 899 7 9
ú 1.0 151 899 7 9
Ử 0.99 175 899 6 10
ú 1.0 274 899 7 10
Ử 1.0 331 899 7 10
À 0.99 353 899 6 10
Ở 1.0 442 899 6 10
Ồ 0.96 522 899 7 10
ù 0.99 616 899 6 10
ú 0.99 349 900 4 9
À 1.0 506 900 6 10
Ù 0.97 566 901 4 9
ú 1.0 586 901 7 9
Ẩ 0.85 609 901 7 9
ủ 0.96 748 901 5 10
Ư 0.99 114 901 7 8
Ử 1.0 482 901 7 9
ư 1.0 636 904 6 7
ũ 0.97 719 904 7 7
Ơ 0.98 742 904 7 8
Ỉ 0.62 166 913 4 6
ẳ 1.0 294 915 6 11
ề 1.0 234 915 7 11
Ả 0.61 541 915 7 9
Ù 0.9 277 916 4 10
á 1.0 381 916 7 11
Ù 1.0 211 917 6 8
Ú 1.0 481 917 7 11
Ả 1.0 570 917 6 11
Ử 1.0 740 917 7 11
Ú 1.0 704 917 8 11
Ử 1.0 354 917 8 10
Ử 0.99 456 917 6 10
ủ 0.87 798 917 5 11
ỳ 1.0 328 918 6 10
ú 1.0 408 918 7 9
ý 1.0 438 918 6 9
À 1.0 525 918 7 10
À 1.0 600 918 6 10
ù 0.97 657 918 7 10
ư 0.99 248 918 8 9
ủ 1.0 630 918 6 10
À 0.99 666 918 7 10
Ư 1.0 269 919 8 7
Ư 0.82 133 919 7 7
Ù 0.89 747 919 4 9
Ư 0.99 733 919 8 9
ứ 0.87 714 920 5 8
ủ 1.0 765 920 6 9
ù 0.67 866 920 5 9
Ư 0.97 674 921 7 7
Ợ 1.0 681 921 8 9
Ơ 1.0 723 921 7 8
Ư 1.0 792 922 7 7
Ơ 0.96 866 922 10 8
Ẩ 0.66 638 929 4 20
Ẩ 0.57 629 930 5 19
ẳ 1.0 374 933 6 10
À 0.53 754 933 7 9
Ú 1.0 168 934 8 9
ủ 0.99 306 934 3 10
ồ 1.0 722 934 6 12
ú 0.99 219 934 6 10
ủ 0.97 356 934 4 10
Ầ 1.0 545 934 6 11
ù 1.0 401 935 6 9
ứ 1.0 445 935 6 9
Ử 1.0 488 935 7 10
ủ 0.93 640 935 3 10
Ù 1.0 573 935 6 10
ứ 1.0 690 935 7 12
Ổ 0.98 349 936 8 8
ủ 0.99 619 936 5 10
ú 1.0 660 936 6 10
ụ 0.7 299 936 7 9
ử 1.0 808 936 6 11
Ẩ 0.98 196 937 6 6
Ú 1.0 780 937 7 9
Ư 0.99 633 937 6 9
Ư 1.0 753 938 8 9
Ư 1.0 745 939 8 7
ụ 0.99 814 940 7 9
Ẩ 1.0 116 949 6 11
Ù 1.0 189 949 7 11
Ý 1.0 277 949 4 11
Ả 1.0 321 949 6 12
ứ 1.0 146 951 6 9
ứ 0.92 165 951 4 9
ủ 0.94 209 951 6 9
Ở 1.0 240 951 6 9
ồ 1.0 412 951 6 11
Ổ 1.0 723 951 7 12
Ù 1.0 300 952 8 9
Ù 0.98 397 952 3 9
ứ 0.94 435 953 8 9
ú 1.0 442 953 7 9
ú 1.0 493 953 8 9
ứ 1.0 523 953 6 9
ù 1.0 552 953 7 9
Ẩ 1.0 788 953 7 12
Á 1.0 840 953 6 11
ủ 1.0 468 953 7 9
Ơ 0.96 359 954 6 7
ứ 0.99 753 954 4 10
Ơ 0.98 389 954 7 8
ỳ 0.97 876 956 6 11
ỵ 1.0 810 959 8 7
Ơ 0.52 599 960 17 18
ắ 1.0 119 966 7 12
Ẻ 1.0 184 966 7 12
ố 1.0 306 967 8 12
ứ 0.96 149 968 5 11
Ư 1.0 178 968 7 10
ú 1.0 267 969 7 10
Ừ 0.99 241 969 4 10
Ợ 1.0 206 972 7 8
Ợ 1.0 290 972 7 9
ù 0.99 175 984 5 12
ủ 1.0 528 985 7 12
Ù 1.0 260 986 7 11
À 1.0 229 986 7 9
ù 1.0 295 986 6 10
ứ 1.0 318 986 7 10
Ụ 1.0 281 987 6 10
Ù 1.0 381 987 7 10
ù 1.0 479 987 6 10
Ũ 1.0 143 988 8 7
ú 1.0 562 988 7 9
ủ 1.0 615 988 6 9
À 1.0 642 988 6 10
Â 1.0 678 988 7 10
À 1.0 735 988 7 10
Ư 1.0 136 988 7 7
ù 1.0 705 988 7 10
Ư 0.98 359 989 7 8
Ồ 1.0 759 989 7 9
ứ 1.0 804 989 6 9
ư 0.98 207 989 7 6
Ợ 0.99 338 989 7 9
Ấ 1.0 426 989 7 8
ù 0.99 547 989 7 8
ủ 0.97 894 989 5 11
Ỏ 0.74 230 990 11 17
ư 0.6 430 990 5 7
ú 1.0 861 990 7 10
Ừ 1.0 868 990 6 10
Ỵ 0.99 408 990 8 10
ự 0.99 585 990 6 9
Ư 1.0 766 991 8 7
Ợ 1.0 773 991 8 9
ợ 0.93 266 993 7 27
Ợ 0.75 114 996 6 24
Í 0.7 135 999 4 7
Ù 0.6 224 1000 8 11
Á 0.59 292 1000 13 13
ù 1.0 319 1002 4 12
ế 1.0 390 1002 7 12
Á 1.0 162 1002 7 11
ủ 1.0 112 1003 7 10
ù 1.0 589 1004 7 11
Ý 1.0 133 1004 6 9
Ử 1.0 295 1004 7 10
ứ 0.89 386 1004 4 10
Ổ 1.0 353 1005 7 9
Ũ 1.0 360 1005 4 9
ù 1.0 520 1005 6 10
ú 0.99 543 1005 5 9
Â 1.0 458 1005 6 10
Ú 1.0 434 1005 7 9
ù 1.0 493 1005 7 10
ù 0.99 605 1005 5 10
ứ 0.99 712 1005 3 10
Ơ 0.99 191 1006 6 7
Ứ 1.0 235 1006 7 8
ù 0.51 499 1006 4 8
ỷ 1.0 640 1006 6 11
ư 1.0 228 1007 7 7
Ợ 1.0 414 1007 8 10
ự 0.98 564 1008 7 8
ỵ 1.0 619 1008 7 9
Ư 0.91 664 1008 7 7
ủ 1.0 154 1026 10 12
Ư 1.0 113 1026 11 13
À 0.95 329 1046 8 11
Ơ 0.58 453 1048 4 10
Ừ 1.0 130 1068 7 9
ủ 0.97 440 1069 5 10
Ù 1.0 419 1070 8 9
ứ 1.0 700 1070 7 10
ú 0.98 721 1070 4 10
Ư 1.0 122 1071 8 6
ứ 1.0 755 1071 6 10
ù 1.0 778 1071 6 9
Ư 1.0 412 1072 8 7
À 1.0 736 1088 7 10
Ú 0.99 708 1089 9 9
Ư 1.0 701 1090 8 8
ủ 1.0 748 1109 8 12
ù 1.0 779 1110 7 10
Â 0.65 730 1130 17 30
ứ 0.98 740 1182 10 14
l 0.98 851 29 6 16
l 0.82 737 30 6 17
l 0.62 800 30 5 17
l 0.82 786 32 5 14
l 0.92 705 32 8 15
l 0.73 783 34 7 33
l 0.9 716 37 9 28
l 0.51 728 37 9 28
l 0.97 722 42 8 27
l 0.88 703 43 9 25
l 0.95 744 46 5 20
l 0.67 803 46 7 19
l 0.95 757 47 6 18
l 0.93 845 47 6 19
l 0.91 890 47 6 17
l 0.99 711 47 6 19
l 0.98 762 47 6 19
l 0.95 769 47 6 18
l 0.91 777 47 6 18
l 1.0 865 47 5 18
l 0.99 907 47 5 17
l 0.97 748 48 5 18
l 0.78 786 48 5 17
l 0.99 799 48 6 18
l 0.95 826 48 7 16
M 0.83 852 48 6 17
l 0.71 879 48 6 18
l 0.92 782 48 5 18
l 0.82 833 48 5 16
l 0.98 837 48 5 16
l 0.95 840 48 6 16
l 0.96 872 48 7 18
l 0.62 893 48 5 18
l 0.65 910 48 4 17
l 0.95 822 48 5 17
l 0.83 885 48 5 17
l 1.0 902 48 5 16
l 0.99 855 49 6 16
l 0.98 860 50 4 14
l 0.99 729 50 6 17
l 0.91 738 50 4 17
l 0.98 792 50 6 16
l 0.71 727 51 5 16
l 0.99 818 51 5 14
h 0.93 249 62 23 25
A 0.83 148 64 14 10
  0.77 844 64 9 19
  0.79 884 64 31 16
P 0.99 100 65 20 22
e 0.97 796 67 35 16
n 0.79 168 68 33 13
n 0.76 214 68 27 14
h 0.58 314 69 22 14
  0.86 735 71 28 12
W 0.98 736 71 17 29
N 0.93 858 71 26 28
m 1.0 761 71 26 12
l 0.94 873 71 13 12
n 0.99 309 72 26 27
  0.96 829 72 12 11
T 1.0 857 72 13 11
G 1.0 894 72 20 26
n 1.0 174 73 25 27
n 0.98 226 74 19 25
n 1.0 248 74 28 27
l 0.88 744 74 17 27
  0.98 157 80 12 13
a 1.0 279 80 25 22
l 0.69 238 82 5 18
l 0.99 764 82 9 18
l 0.91 193 83 6 17
l 1.0 788 83 10 15
l 0.98 132 84 8 16
i 0.93 642 134 3 10
h 1.0 653 134 7 9
M 1.0 632 134 10 10
c 1.0 608 135 9 9
h 1.0 617 135 8 9
H 1.0 589 135 8 9
h 1.0 570 136 7 8
P 1.0 564 136 6 8
i 0.96 475 136 2 9
T 1.0 522 136 8 9
n 1.0 646 136 7 8
h 1.0 489 136 7 10
h 1.0 511 136 7 9
h 1.0 530 136 7 9
h 0.99 553 137 6 8
C 1.0 458 137 8 9
h 1.0 467 137 7 9
i 1.0 321 137 3 9
i 1.0 394 137 3 9
N 1.0 402 137 7 9
T 1.0 371 138 8 8
n 1.0 545 138 6 7
l 0.99 293 138 3 9
N 1.0 340 138 9 9
h 1.0 379 138 7 8
t 1.0 267 138 6 9
v 1.0 312 138 9 9
t 1.0 331 138 5 8
y 1.0 425 139 7 9
n 1.0 440 139 6 7
n 1.0 482 139 6 6
n 1.0 504 139 7 6
E 1.0 243 139 7 9
l 0.99 251 139 3 9
u 1.0 418 139 6 7
s 0.99 184 139 8 10
9 1.0 410 139 7 10
c 1.0 97 140 8 9
t 1.0 131 140 5 9
T 1.0 146 140 8 9
N 1.0 154 140 8 9
H 1.0 162 140 9 9
H 1.0 172 140 8 9
o 1.0 278 140 7 7
c 1.0 296 140 6 7
a 0.99 349 140 7 7
m 1.0 357 140 11 6
e 0.99 255 140 6 8
c 1.0 262 140 5 8
n 1.0 286 140 6 7
s 1.0 303 140 6 8
r 1.0 273 140 5 7
s 1.0 211 141 6 7
n 1.0 225 141 7 7
9 1.0 232 141 7 10
m 1.0 199 141 11 7
u 1.0 218 141 6 7
a 1.0 192 141 6 8
n 1.0 113 142 6 7
g 1.0 120 142 7 9
y 1.0 136 142 7 9
c 1.0 620 161 9 10
h 1.0 593 161 7 10
H 1.0 611 161 9 9
P 1.0 586 162 7 9
M 1.0 629 162 11 8
h 1.0 553 162 6 9
h 1.0 575 162 7 9
T 1.0 545 162 8 9
Q 1.0 494 162 10 11
B 1.0 429 163 7 9
N 1.0 456 163 8 9
h 1.0 473 163 6 9
i 1.0 355 163 4 10
P 1.0 381 164 7 9
h 1.0 388 164 7 9
i 0.99 335 164 3 9
T 1.0 343 164 7 9
u 1.0 504 164 7 8
n 1.0 568 164 6 6
H 1.0 320 164 7 9
n 1.0 519 164 6 7
n 1.0 445 165 7 7
q 1.0 464 165 8 9
n 1.0 411 165 6 7
h 1.0 179 165 7 10
g 1.0 418 165 7 10
r 1.0 350 166 5 7
u 1.0 366 166 7 7
h 1.0 127 166 7 9
t 1.0 208 166 6 8
n 1.0 301 166 7 7
g 1.0 308 166 7 10
T 1.0 145 166 8 9
B 1.0 197 166 8 8
e 1.0 214 167 7 7
c 1.0 228 167 6 7
o 1.0 234 167 6 7
s 1.0 249 167 7 6
x 1.0 221 167 7 7
a 0.67 160 168 6 7
n 1.0 172 168 6 7
a 1.0 110 168 7 8
c 1.0 121 168 6 7
o 1.0 903 184 6 10
v 1.0 781 186 10 9
N 1.0 791 186 8 8
h 1.0 673 187 7 9
s 1.0 654 187 8 9
o 1.0 681 189 7 7
n 1.0 714 189 8 7
v 1.0 163 192 9 9
N 1.0 172 192 7 9
s 1.0 98 193 7 9
h 1.0 116 193 7 9
g 1.0 138 194 7 10
n 1.0 131 194 7 7
9 1.0 903 208 7 10
c 0.99 887 208 7 9
c 1.0 842 208 6 10
t 1.0 664 210 5 9
h 1.0 673 210 7 9
N 1.0 608 211 8 9
o 1.0 681 212 7 7
n 1.0 714 212 8 7
  0.66 722 212 3 6
g 1.0 617 213 7 9
y 1.0 632 213 8 9
x 1.0 643 213 7 6
u 1.0 650 213 7 6
h 1.0 162 215 7 9
N 1.0 98 216 8 9
g 1.0 184 216 7 10
n 1.0 178 217 6 7
g 1.0 106 218 8 9
y 1.0 121 218 7 9
m 1.0 133 218 10 7
u 0.75 144 218 7 6
c 1.0 767 238 10 10
T 1.0 855 238 8 9
t 1.0 889 238 5 9
i 0.69 894 238 3 9
G 1.0 750 239 10 10
I 1.0 762 239 5 9
T 1.0 777 239 7 9
n 1.0 871 240 6 7
n 1.0 906 240 6 7
g 1.0 878 240 7 10
I 1.0 641 240 5 9
B 1.0 656 240 8 9
i 0.99 531 241 4 9
l 0.99 374 242 4 10
s 1.0 356 243 7 9
n 1.0 513 243 6 7
g 1.0 523 243 8 10
g 1.0 400 244 8 11
a 1.0 393 245 7 7
h 1.0 131 245 8 9
s 1.0 98 246 7 9
m 1.0 147 247 11 8
n 1.0 113 247 7 7
p 1.0 124 248 7 8
9 1.0 872 273 6 9
2 1.0 880 273 5 9
0 1.0 885 274 7 9
2 1.0 839 274 6 8
1 0.99 863 274 4 8
2 1.0 727 275 6 8
2 1.0 734 275 5 8
4 1.0 740 275 6 8
o 1.0 763 275 7 8
2 1.0 757 275 5 8
g 1.0 649 276 7 8
2 1.0 519 277 7 8
o 0.98 525 278 8 8
n 0.55 142 280 24 23
l 0.99 252 289 4 9
A 1.0 280 289 10 10
G 1.0 236 290 9 9
a 1.0 245 291 7 7
a 0.89 256 291 7 8
x 1.0 263 291 8 7
y 1.0 270 292 8 9
x 1.0 225 292 7 7
  0.61 299 313 14 7
G 1.0 292 314 9 9
H 1.0 301 314 9 9
G 1.0 233 314 8 10
H 1.0 242 314 8 10
z 1.0 311 316 5 7
z 1.0 251 317 6 6
l 0.98 157 320 12 18
G 1.0 268 340 8 9
z 1.0 277 340 7 9
G 1.0 293 340 9 9
K 1.0 285 340 8 9
x 1.0 302 340 9 9
x 1.0 310 340 9 9
v 1.0 318 340 9 9
s 0.99 260 341 7 9
s 1.0 215 341 7 9
A 1.0 236 341 9 9
1 1.0 245 341 7 9
o 1.0 252 341 8 9
M 1.0 222 341 9 9
Q 1.0 904 400 7 10
9 1.0 891 400 7 10
h 1.0 556 404 7 8
i 0.99 563 404 3 8
h 1.0 590 404 7 8
T 1.0 516 404 8 9
t 1.0 574 404 4 8
k 1.0 583 404 6 8
c 1.0 550 405 6 8
u 1.0 605 405 6 7
n 1.0 531 406 7 7
g 1.0 538 406 7 9
h 1.0 571 431 6 9
h 1.0 524 432 7 8
P 1.0 517 432 6 8
n 1.0 601 433 6 7
v 1.0 538 433 8 7
n 1.0 553 433 7 7
c 1.0 564 433 6 7
y 1.0 585 433 8 9
u 1.0 578 433 6 7
b 1.0 905 455 7 10
2 1.0 858 456 7 9
o 1.0 898 456 7 9
t 0.99 610 457 6 9
t 1.0 550 457 4 9
i 0.98 555 457 3 9
h 1.0 615 457 9 9
T 1.0 516 458 9 8
c 1.0 601 458 7 8
u 1.0 624 458 7 8
t 1.0 576 458 6 9
n 1.0 566 458 6 8
r 1.0 581 458 5 8
9 1.0 539 459 7 10
n 1.0 532 460 6 6
o 1.0 904 480 8 9
n 0.99 517 484 13 9
B 1.0 541 484 8 9
T 1.0 526 485 6 8
2 1.0 898 507 8 9
q 1.0 905 507 7 9
2 1.0 869 507 6 9
G 1.0 534 510 9 10
G 1.0 518 510 8 10
T 1.0 543 510 8 10
T 1.0 526 511 8 9
T 1.0 513 546 20 15
l 0.87 522 550 4 11
o 1.0 531 550 11 11
z 0.98 849 550 7 9
l 0.84 864 550 3 8
U 0.97 899 550 10 8
n 1.0 544 551 10 10
g 1.0 556 551 12 14
  0.57 369 604 13 19
  0.6 381 606 13 16
h 1.0 709 616 6 9
h 1.0 665 616 7 9
i 1.0 686 616 3 10
q 1.0 731 618 7 10
g 1.0 679 618 7 9
a 1.0 690 618 7 7
n 1.0 724 618 6 7
t 1.0 388 618 5 9
h 1.0 416 618 6 9
c 0.99 658 618 6 8
o 1.0 697 618 7 7
h 1.0 394 618 6 9
a 1.0 647 618 7 7
t 1.0 426 619 6 8
h 1.0 374 619 7 9
h 1.0 149 620 8 10
n 1.0 446 620 7 7
T 1.0 120 621 8 9
t 1.0 160 621 7 9
a 1.0 356 621 7 7
c 1.0 368 621 5 7
n 1.0 409 621 6 7
o 1.0 432 621 7 7
h 1.0 128 621 7 9
o 1.0 166 621 7 9
a 0.99 135 622 6 8
n 1.0 181 622 6 8
n 1.0 143 622 6 8
B 1.0 635 640 7 10
k 1.0 657 640 7 9
d 1.0 683 640 7 9
i 0.69 373 642 4 9
u 0.99 691 642 6 7
m 1.0 668 642 10 7
n 1.0 698 642 7 7
g 1.0 706 642 6 9
i 1.0 360 642 3 10
k 1.0 367 642 6 9
B 1.0 344 643 8 8
N 1.0 121 644 8 9
m 0.99 377 644 11 8
g 1.0 415 644 7 9
u 1.0 400 644 6 7
n 1.0 408 644 6 7
s 1.0 152 645 5 8
a 1.0 144 645 7 8
a 1.0 129 646 7 7
p 1.0 137 646 7 10
c 1.0 822 656 8 10
k 1.0 796 656 8 9
s 1.0 720 656 8 10
C 1.0 634 657 9 9
N 1.0 669 657 8 9
g 1.0 846 657 7 10
s 1.0 747 657 6 9
h 1.0 804 657 6 8
u 1.0 811 657 6 8
n 1.0 838 657 7 8
n 1.0 761 658 6 7
m 1.0 736 658 10 8
9 1.0 768 658 8 10
a 1.0 678 658 7 8
u 1.0 754 658 6 7
n 1.0 651 659 6 7
m 1.0 686 659 10 7
H 1.0 363 659 8 9
q 1.0 657 659 7 9
t 0.98 390 659 5 9
h 1.0 395 659 7 9
h 1.0 418 659 7 9
p 1.0 379 661 8 9
n 1.0 410 661 7 7
i 0.99 788 672 4 10
h 1.0 726 673 7 9
T 1.0 781 673 7 9
h 1.0 651 673 7 9
i 0.98 658 673 3 9
N 1.0 635 674 8 8
Y 1.0 680 674 9 8
n 1.0 716 674 10 8
n 1.0 762 675 7 7
g 1.0 769 675 8 10
n 1.0 800 675 6 7
h 1.0 352 675 7 10
h 1.0 400 675 7 9
L 1.0 433 675 7 10
T 1.0 458 675 8 10
h 1.0 466 675 6 9
h 1.0 488 675 7 9
h 1.0 507 675 7 10
S 1.0 525 675 7 10
p 1.0 669 675 8 10
n 1.0 696 675 6 7
g 1.0 644 676 6 9
P 1.0 344 676 7 9
T 0.96 393 676 6 9
n 1.0 541 677 6 7
n 1.0 481 677 6 7
  0.53 325 677 18 13
P 1.0 500 677 6 10
9 1.0 547 677 7 10
g 1.0 422 677 7 10
g 1.0 381 678 8 9
n 1.0 415 678 7 6
n 1.0 374 678 7 6
m 1.0 663 690 10 9
N 1.0 694 690 8 9
T 1.0 634 690 8 9
i 0.97 686 690 3 8
h 1.0 653 690 7 8
h 1.0 673 691 5 7
n 1.0 733 692 6 6
h 1.0 402 692 5 9
u 1.0 711 692 5 7
y 1.0 717 692 8 9
c 1.0 344 692 8 10
r 1.0 412 692 6 9
h 1.0 420 692 6 9
i 1.0 434 692 3 9
N 1.0 441 692 8 9
n 1.0 646 692 6 6
g 1.0 702 692 7 9
T 1.0 382 693 7 8
g 1.0 450 693 7 10
u 1.0 458 693 7 8
g 1.0 368 694 7 10
n 1.0 480 694 6 7
n 1.0 360 694 7 7
n 1.0 394 694 5 7
y 1.0 465 694 7 9
Y 1.0 139 845 10 11
D 1.0 152 846 10 10
L 1.0 107 847 9 9
U 1.0 125 847 11 9
c 1.0 172 847 9 9
B 1.0 184 847 9 9
T 1.0 207 847 8 9
1 1.0 193 847 5 9
w 0.99 274 862 11 8
u 0.8 501 862 11 8
  0.67 411 862 18 8
  0.87 509 862 15 8
w 0.76 218 862 15 8
v 1.0 121 864 10 9
h 1.0 221 864 7 9
h 1.0 276 864 6 9
b 1.0 326 864 7 10
h 1.0 363 864 7 10
h 1.0 387 864 7 10
i 0.98 394 864 4 10
i 0.84 229 864 3 9
i 0.94 565 864 4 10
k 1.0 504 865 7 9
l 1.0 144 865 4 9
l 1.0 172 865 4 9
i 0.96 137 865 4 8
h 1.0 589 865 7 9
i 0.99 319 866 4 8
d 1.0 414 866 7 8
h 1.0 495 866 6 8
h 1.0 512 866 6 8
i 0.97 609 866 3 8
h 1.0 659 866 7 8
g 1.0 162 866 6 10
t 0.99 360 866 4 8
n 1.0 155 867 7 6
u 0.99 183 867 7 6
g 1.0 193 867 7 8
I 0.66 200 867 4 7
p 1.0 214 867 7 9
u 1.0 237 867 8 7
m 1.0 248 867 11 7
a 0.98 266 867 6 6
n 1.0 288 867 7 6
g 1.0 295 867 7 9
n 1.0 305 867 7 7
t 0.98 436 867 4 8
m 0.97 453 867 4 7
t 1.0 585 867 5 8
u 0.98 259 867 7 7
c 1.0 378 867 6 7
n 1.0 404 867 6 7
n 1.0 427 867 7 7
m 1.0 447 867 9 7
n 1.0 476 867 8 7
n 1.0 541 867 7 7
g 1.0 549 867 6 10
n 1.0 575 867 7 7
n 1.0 466 867 8 7
m 1.0 525 867 9 7
o 0.97 596 867 7 7
v 1.0 630 867 7 7
o 1.0 643 867 6 7
n 1.0 653 867 7 7
m 0.99 676 867 10 8
n 1.0 487 868 7 6
n 0.99 616 868 5 6
a 0.94 621 868 6 7
y 1.0 692 868 7 9
  0.53 88 871 19 14
h 1.0 163 881 7 10
k 1.0 288 882 8 9
N 1.0 120 882 10 9
h 1.0 248 882 7 9
h 1.0 429 882 7 10
h 1.0 513 882 7 10
b 1.0 225 882 7 9
h 1.0 492 882 7 10
h 1.0 620 882 7 10
l 0.94 214 883 4 8
k 1.0 485 883 8 9
s 1.0 569 883 7 9
h 1.0 576 883 8 9
h 1.0 606 883 8 9
h 1.0 801 883 7 11
i 1.0 837 883 4 11
t 1.0 319 883 4 9
h 1.0 536 883 7 9
i 0.97 722 883 4 10
i 0.98 870 883 5 11
d 1.0 656 883 7 9
1 0.99 826 883 3 11
n 1.0 136 884 7 7
i 0.99 295 884 4 7
t 0.96 637 884 5 9
i 0.97 670 884 4 9
r 1.0 146 885 6 6
a 1.0 151 885 6 7
c 0.99 157 885 6 7
m 0.99 183 885 10 6
o 1.0 351 885 7 6
n 1.0 549 885 7 7
s 0.94 197 885 5 7
a 0.8 208 885 7 6
c 1.0 239 885 5 6
p 1.0 262 885 7 8
m 1.0 305 885 10 7
r 1.0 323 885 5 7
g 1.0 344 885 7 9
u 0.99 378 885 6 7
s 1.0 401 885 5 7
n 1.0 412 885 7 7
m 1.0 443 885 9 7
e 0.99 202 885 6 6
a 0.98 327 885 7 6
n 1.0 337 885 7 6
q 1.0 371 885 7 9
p 1.0 422 885 7 9
n 1.0 456 885 6 7
g 1.0 463 885 6 10
y 1.0 475 885 7 10
g 1.0 555 885 7 9
p 1.0 590 885 7 10
c 1.0 600 885 6 7
n 1.0 390 885 7 6
n 1.0 506 885 7 7
n 1.0 526 885 7 7
n 1.0 744 885 8 8
t 0.77 761 885 5 8
m 0.99 762 885 8 8
r 0.99 641 886 5 6
m 1.0 677 886 11 7
m 1.0 704 886 11 7
a 0.98 730 886 8 7
n 1.0 784 886 8 7
y 1.0 693 886 8 9
g 1.0 751 886 7 10
p 1.0 814 886 9 10
n 1.0 843 886 7 8
g 1.0 791 886 7 10
g 1.0 850 886 7 10
q 1.0 877 886 7 10
u 1.0 884 887 7 7
a 1.0 864 887 6 8
n 1.0 897 887 7 7
  0.68 89 888 18 14
h 1.0 144 899 7 9
h 1.0 375 900 7 7
h 1.0 164 900 7 8
i 0.54 336 900 4 9
t 1.0 221 900 4 8
i 0.89 169 901 6 8
h 1.0 411 901 7 9
h 1.0 435 901 7 9
K 1.0 466 901 9 9
k 1.0 553 901 7 9
k 1.0 573 901 8 10
t 0.83 345 901 4 8
h 1.0 475 901 7 9
h 1.0 559 901 8 9
h 1.0 580 901 7 9
h 1.0 599 901 6 9
h 1.0 687 901 7 9
k 1.0 728 901 8 9
r 1.0 137 901 5 10
l 0.92 552 901 3 9
i 0.56 564 901 3 9
h 1.0 761 901 7 10
n 1.0 181 901 7 8
h 1.0 736 901 6 10
v 1.0 268 902 7 7
B 1.0 318 902 7 9
g 0.98 121 902 7 9
n 1.0 191 902 6 7
g 1.0 198 902 6 9
a 0.88 205 902 6 7
y 1.0 210 902 7 9
a 0.86 225 902 6 6
q 1.0 238 902 7 9
u 1.0 245 902 6 7
n 1.0 285 902 6 7
m 1.0 298 902 9 7
n 1.0 311 902 6 7
c 0.99 369 902 6 7
o 0.6 497 902 6 5
y 1.0 257 902 8 9
o 0.96 325 902 7 7
u 0.98 359 902 7 8
c 0.99 405 902 6 8
u 1.0 382 903 7 7
n 1.0 394 903 8 7
n 0.83 427 903 7 4
n 1.0 489 903 7 7
e 1.0 496 903 6 10
n 1.0 536 903 6 7
8 1.0 542 903 7 10
p 1.0 428 903 7 9
p 1.0 448 903 6 9
p 1.0 512 903 7 9
c 1.0 593 903 6 8
g 1.0 649 903 7 10
u 0.97 529 903 7 7
m 0.94 625 903 9 7
s 0.99 659 903 5 8
m 1.0 700 904 10 7
s 1.0 756 904 4 7
n 1.0 642 904 7 7
p 1.0 681 904 7 9
m 1.0 714 904 6 7
n 1.0 670 904 7 7
p 1.0 775 904 7 10
w 0.74 283 905 17 18
T 1.0 120 917 8 9
k 1.0 227 917 7 9
d 0.99 283 917 7 9
h 0.92 263 917 6 9
h 1.0 321 917 7 10
h 1.0 519 918 7 10
k 1.0 586 918 8 10
h 1.0 612 918 7 10
t 0.95 243 918 5 9
h 1.0 432 918 6 9
h 1.0 468 918 6 9
l 0.98 477 918 4 10
i 0.81 488 918 4 10
u 0.95 258 919 6 7
h 1.0 623 919 7 8
r 1.0 128 919 5 6
n 1.0 140 919 6 7
g 1.0 146 919 8 9
n 0.99 170 919 7 7
n 1.0 197 919 8 7
h 1.0 593 919 7 8
v 1.0 157 919 7 6
g 1.0 177 919 8 9
g 1.0 204 919 7 10
i 1.0 290 919 5 7
m 1.0 300 919 11 7
t 1.0 444 919 4 8
t 0.99 576 919 5 8
h 1.0 697 919 8 9
n 1.0 334 920 7 7
y 0.99 217 920 7 8
n 1.0 314 920 7 7
y 0.99 361 920 7 9
n 1.0 375 920 7 7
m 1.0 398 920 10 7
m 1.0 344 920 10 7
p 1.0 425 920 6 9
n 1.0 512 920 6 7
h 1.0 876 920 7 10
u 1.0 387 920 7 7
y 1.0 414 920 7 9
s 1.0 452 920 4 8
n 1.0 461 920 6 7
s 1.0 534 920 7 8
n 1.0 546 920 7 8
u 1.0 564 920 5 8
h 1.0 810 920 7 9
o 0.92 502 921 6 7
x 1.0 557 921 6 7
c 1.0 606 921 6 7
n 1.0 635 921 7 7
g 1.0 642 921 6 9
s 0.99 652 921 5 7
c 1.0 688 922 6 6
r 0.99 718 922 5 6
m 1.0 754 922 10 7
y 1.0 771 922 7 9
m 1.0 781 922 11 7
e 1.0 817 923 7 7
o 0.95 823 923 7 7
q 1.0 833 923 7 9
u 1.0 840 923 7 7
y 1.0 847 923 7 9
r 0.98 861 924 6 6
8 0.81 190 925 5 24
u 0.73 364 926 5 23
T 1.0 129 933 8 10
h 1.0 232 934 6 10
d 0.97 363 934 7 10
b 1.0 189 935 7 9
h 1.0 213 935 6 9
s 1.0 242 935 7 9
h 1.0 318 935 6 9
k 1.0 390 935 7 9
i 0.83 398 935 3 9
h 1.0 437 935 8 10
t 0.89 165 935 5 9
i 0.97 370 935 4 9
h 1.0 537 935 8 10
k 1.0 531 936 7 9
h 1.0 585 936 7 10
x 0.98 478 936 14 10
c 1.0 107 936 5 7
u 0.89 113 936 7 7
m 1.0 176 936 9 8
g 1.0 155 936 7 9
n 1.0 225 936 7 8
m 0.99 256 936 10 8
h 1.0 684 936 6 10
a 1.0 119 937 6 6
u 0.99 142 937 6 6
n 1.0 148 937 7 6
n 1.0 279 937 6 7
g 1.0 286 937 6 9
t 0.91 296 937 4 8
k 1.0 677 937 7 9
r 1.0 138 937 4 6
o 0.99 202 937 7 6
a 0.97 250 937 6 6
s 1.0 267 937 5 7
u 1.0 272 937 6 7
g 1.0 468 937 8 10
t 1.0 595 937 5 8
p 1.0 332 937 6 9
v 1.0 342 937 7 7
v 0.97 421 937 6 7
p 1.0 451 937 7 9
u 0.99 380 938 7 6
n 1.0 407 938 6 6
n 1.0 461 938 7 6
a 1.0 495 938 6 7
v 1.0 505 938 6 7
c 0.99 512 938 5 6
n 1.0 517 938 7 7
n 1.0 552 938 6 7
g 1.0 558 938 7 9
r 1.0 568 938 5 7
u 0.96 475 938 7 6
y 0.99 482 938 6 9
c 1.0 579 938 5 8
c 0.97 598 938 7 7
m 0.98 605 938 10 8
t 0.99 714 938 5 8
m 1.0 623 938 10 7
m 0.99 650 938 10 7
y 1.0 666 939 7 10
n 1.0 697 939 7 7
g 1.0 704 939 7 10
c 1.0 760 939 7 8
y 1.0 728 939 7 10
x 1.0 738 939 8 7
m 0.99 770 939 10 7
r 0.96 717 940 5 5
p 1.0 787 940 7 9
m 0.99 797 940 11 7
  0.76 741 944 5 2
  0.56 805 944 4 3
c 0.87 808 944 6 3
N 1.0 106 951 11 10
h 1.0 139 951 7 9
h 1.0 175 951 7 9
l 1.0 185 951 4 9
i 0.93 196 951 4 10
h 1.0 269 952 8 9
i 0.97 347 952 5 9
l 1.0 317 952 4 9
l 1.0 355 952 4 9
T 1.0 403 952 9 10
i 0.95 448 952 4 9
h 1.0 461 953 7 9
h 1.0 535 953 7 9
k 1.0 509 953 8 9
h 1.0 516 953 7 9
h 1.0 544 953 8 9
s 1.0 575 953 7 9
p 1.0 132 954 7 8
s 1.0 160 954 5 6
o 1.0 215 954 8 6
g 1.0 233 954 7 9
y 1.0 245 954 8 9
n 1.0 256 954 7 7
z 1.0 294 954 7 8
1 0.98 629 954 5 8
u 1.0 122 954 7 6
n 1.0 169 954 6 6
n 1.0 226 954 6 6
n 1.0 288 954 6 7
h 1.0 716 954 7 9
y 1.0 306 954 8 9
8 0.98 683 954 6 9
h 1.0 746 954 8 10
g 1.0 263 954 7 9
v 0.99 334 954 7 7
u 0.96 341 954 7 7
n 1.0 365 955 7 6
g 1.0 372 955 7 8
d 1.0 782 955 7 9
g 1.0 383 955 7 8
n 1.0 418 955 7 7
g 1.0 426 955 6 9
s 0.99 488 955 6 7
c 1.0 456 955 5 7
m 1.0 475 955 10 7
i 0.98 836 955 4 10
i 1.0 873 955 3 10
c 1.0 501 956 5 6
c 1.0 529 956 6 6
n 1.0 558 956 7 6
a 1.0 582 956 7 6
m 1.0 589 956 10 6
s 1.0 599 956 6 6
u 0.99 605 956 6 6
n 1.0 611 956 7 6
g 1.0 618 956 7 9
h 1.0 803 956 8 9
T 1.0 827 956 9 9
g 1.0 565 956 6 9
v 1.0 865 956 7 9
n 1.0 730 957 7 7
p 1.0 739 957 8 8
n 1.0 710 957 7 6
m 1.0 757 957 11 7
c 1.0 798 958 5 7
n 1.0 846 958 7 7
t 1.0 883 958 4 8
a 1.0 818 958 6 7
g 1.0 852 959 8 9
  0.51 505 961 17 18
h 1.0 113 968 7 10
h 1.0 143 969 6 9
h 1.0 200 969 7 9
b 1.0 261 969 7 9
l 1.0 237 970 4 8
n 1.0 107 972 6 6
n 1.0 126 972 7 6
p 1.0 136 972 7 9
m 1.0 154 972 10 6
c 1.0 193 972 7 7
n 1.0 213 972 7 6
n 1.0 231 972 6 6
n 1.0 245 972 7 7
o 0.74 274 972 7 7
s 1.0 285 972 5 7
c 1.0 300 972 6 7
e 1.0 252 972 6 7
a 0.62 112 975 15 29
h 1.0 129 986 7 9
h 0.99 187 986 5 9
c 1.0 119 986 9 9
l 0.98 223 986 3 10
1 0.99 333 986 5 10
i 1.0 267 987 4 8
b 1.0 274 987 7 8
1 1.0 291 987 4 9
h 1.0 311 987 7 9
u 1.0 167 987 7 9
i 0.98 345 987 4 10
a 1.0 225 988 5 7
s 1.0 419 988 7 9
d 0.98 472 988 7 9
h 1.0 491 988 8 9
h 1.0 508 988 7 9
b 1.0 578 988 8 9
h 1.0 608 988 7 9
i 0.99 638 988 4 10
N 1.0 661 988 10 10
h 1.0 729 988 6 10
n 1.0 150 989 7 7
e 1.0 157 989 7 9
m 0.99 196 989 11 6
i 0.62 229 989 3 6
t 0.99 404 989 5 8
h 1.0 671 989 7 8
n 1.0 180 989 6 7
a 0.99 214 989 6 7
n 1.0 236 989 6 7
g 1.0 242 989 7 9
i 0.95 702 989 4 9
k 1.0 721 989 8 9
i 0.97 854 989 4 10
n 1.0 253 989 7 6
p 1.0 304 989 7 9
t 1.0 525 989 3 8
h 1.0 797 989 7 10
c 1.0 325 989 6 7
n 1.0 388 989 7 7
c 1.0 353 990 6 6
c 1.0 375 990 6 7
g 1.0 395 990 7 9
m 1.0 433 990 10 7
u 0.57 441 990 4 7
s 0.94 443 990 5 7
t 0.54 447 990 4 7
u 0.98 449 990 6 7
n 1.0 455 990 7 7
g 1.0 462 990 7 10
o 0.81 515 990 6 7
e 0.99 557 990 5 7
n 1.0 485 990 7 7
c 1.0 502 990 5 7
c 0.99 542 991 5 6
c 1.0 569 991 6 6
n 1.0 591 991 7 6
n 1.0 602 991 6 6
n 1.0 621 991 7 6
  0.55 632 991 2 6
n 1.0 648 991 7 6
n 1.0 685 991 6 7
v 1.0 695 991 7 7
v 1.0 632 991 7 6
n 1.0 712 991 7 7
n 1.0 743 991 6 7
g 1.0 749 991 7 10
c 1.0 781 991 6 7
p 1.0 810 992 7 9
m 1.0 821 992 9 7
u 0.98 831 992 7 7
p 1.0 790 992 7 9
a 1.0 837 992 7 7
n 1.0 874 992 7 8
a 1.0 888 992 6 9
t 0.91 249 996 6 24
w 0.73 198 1003 15 12
h 1.0 155 1004 8 9
h 1.0 221 1004 7 9
l 0.99 279 1005 3 8
k 1.0 379 1005 8 9
l 1.0 410 1005 4 9
h 1.0 370 1005 7 9
h 1.0 451 1005 7 9
i 1.0 422 1005 3 10
N 1.0 477 1005 10 10
h 1.0 487 1005 7 9
i 0.82 517 1005 3 10
b 1.0 599 1005 7 10
1 0.99 630 1005 4 10
c 0.94 106 1006 6 7
t 1.0 183 1006 4 8
t 1.0 259 1006 5 8
h 1.0 557 1006 7 9
k 1.0 612 1006 8 9
h 1.0 657 1006 7 9
h 1.0 722 1006 7 9
c 1.0 118 1006 7 7
s 1.0 128 1006 5 8
n 1.0 139 1006 7 7
m 0.99 169 1006 10 7
g 1.0 204 1006 7 11
p 1.0 149 1006 7 9
n 0.99 198 1006 6 7
n 0.96 263 1006 8 8
r 0.88 186 1007 6 6
c 1.0 214 1007 7 6
n 1.0 242 1007 7 7
m 1.0 325 1007 11 7
g 1.0 249 1007 7 9
n 1.0 272 1007 6 7
n 1.0 288 1007 7 7
y 1.0 301 1007 8 9
v 1.0 312 1007 7 7
u 1.0 336 1007 7 9
m 1.0 396 1007 11 8
c 1.0 429 1007 5 8
n 1.0 444 1007 7 7
c 0.99 343 1008 6 6
c 1.0 363 1008 7 6
a 0.99 501 1008 6 7
n 1.0 464 1008 6 6
t 0.86 646 1008 5 7
  1.0 510 1008 6 6
n 1.0 527 1008 6 7
p 1.0 550 1008 7 10
m 1.0 569 1008 11 7
s 1.0 584 1008 5 7
u 1.0 634 1008 6 7
q 1.0 680 1008 8 10
v 1.0 537 1008 7 7
u 1.0 688 1008 6 7
y 1.0 694 1009 7 9
n 1.0 715 1009 7 6
T 0.82 684 1013 4 6
N 1.0 123 1029 11 10
P 1.0 136 1029 8 9
H 1.0 144 1029 10 10
M 1.0 164 1029 12 10
o 1.0 174 1045 11 11
D 1.0 163 1045 10 11
c 1.0 356 1046 9 11
P 1.0 310 1047 8 9
s 1.0 392 1048 7 9
M 1.0 400 1048 12 10
5 0.99 440 1048 6 9
G 1.0 447 1048 8 9
G 1.0 474 1048 11 10
x 1.0 494 1048 10 10
A 1.0 417 1048 9 9
K 1.0 465 1048 9 10
x 1.0 484 1048 10 10
v 1.0 504 1048 10 10
l 1.0 522 1048 3 10
t 1.0 349 1049 5 8
i 0.99 543 1049 7 9
r 1.0 318 1050 4 7
o 0.95 322 1050 7 7
c 0.99 343 1050 6 7
u 1.0 336 1050 7 7
o 1.0 366 1050 7 7
e 0.98 380 1050 5 7
m 1.0 526 1050 10 8
e 1.0 536 1051 7 7
  0.51 674 1054 19 19
i 0.99 137 1067 4 10
N 1.0 106 1069 9 9
i 0.99 427 1069 4 10
N 1.0 396 1070 10 9
r 1.0 684 1070 10 10
i 1.0 707 1070 4 10
o 1.0 154 1071 7 6
h 1.0 748 1071 7 9
h 1.0 693 1071 7 9
h 1.0 771 1071 7 9
g 1.0 116 1071 7 9
a 1.0 148 1071 6 8
8 1.0 434 1072 6 10
8 0.98 895 1072 7 10
g 1.0 405 1072 8 10
a 1.0 445 1073 5 6
o 1.0 450 1073 7 6
g 1.0 714 1074 7 9
a 1.0 725 1074 6 6
n 1.0 761 1074 7 6
n 1.0 731 1074 7 6
n 1.0 741 1074 7 6
n 1.0 785 1074 5 6
g 1.0 791 1074 7 9
N 1.0 684 1087 10 11
i 0.84 716 1088 4 10
h 1.0 730 1088 7 10
d 1.0 785 1089 7 9
G 0.99 757 1089 10 9
I 0.99 781 1089 4 9
g 1.0 694 1091 7 9
n 1.0 723 1091 7 7
n 1.0 743 1091 6 7
e 1.0 767 1091 6 7
n 0.99 774 1092 6 6
i 0.94 737 1110 4 10
K 1.0 689 1111 9 9
h 1.0 730 1111 7 9
h 1.0 758 1111 8 9
t 0.99 776 1112 4 8
r 1.0 744 1113 5 7
n 1.0 786 1113 7 7
g 1.0 723 1114 7 8
p 1.0 765 1114 8 9
y 1.0 698 1114 7 9
  0.99 136 1125 16 21
  0.52 145 1126 7 14
  0.89 128 1141 19 18
  0.99 722 1143 17 25
w 0.61 717 1144 12 11
  0.9 744 1152 13 14
Z 0.62 79 1154 15 18
7 0.99 742 1157 15 15
Z 0.66 144 1161 24 31
K 1.0 677 1170 17 25
v 0.96 728 1172 23 12
a 1.0 169 1174 13 12
  0.97 781 1175 14 27
v 0.98 147 1179 15 14
  0.99 128 1180 17 11
a 1.0 117 1181 12 14
a 0.92 788 1182 15 15
1 0.87 690 1184 6 10
u 1.0 696 1184 11 11
  0.9 804 1186 16 11
m 1.0 749 1187 11 8
u 0.6 801 1188 9 9
9 1.0 756 1188 7 12
r 0.54 779 1191 16 12
  0.55 746 28 8 24
  0.96 280 59 21 21
  0.91 865 70 11 13
  0.79 786 70 13 13
1 1.0 531 162 6 9
2 1.0 266 165 8 9
8 1.0 888 185 6 9
0 0.96 895 185 7 9
2 1.0 830 185 7 9
1 1.0 873 185 6 9
0 0.76 880 185 7 9
  0.54 787 185 4 9
9 1.0 807 185 7 10
0 1.0 815 185 7 9
6 1.0 822 185 8 9
3 1.0 837 185 8 9
1 1.0 850 185 6 9
3 1.0 857 185 7 9
4 1.0 865 185 7 9
1 1.0 800 186 6 9
0 0.94 283 191 8 9
2 1.0 210 191 8 9
3 1.0 218 191 8 10
1 1.0 230 191 7 9
0 1.0 261 191 7 9
8 1.0 268 191 7 9
0 0.99 276 191 7 9
6 1.0 203 192 8 9
1 1.0 253 192 6 8
9 1.0 188 192 7 9
0 1.0 196 192 7 9
3 1.0 238 192 7 9
4 1.0 245 192 7 8
1 1.0 181 192 6 9
0 0.99 861 208 7 10
7 1.0 869 208 6 9
2 1.0 880 208 7 9
1 1.0 896 208 6 9
8 1.0 849 208 7 9
2 1.0 238 214 7 10
0 0.98 245 214 8 10
9 1.0 261 214 7 10
0 0.98 200 215 7 9
8 1.0 208 215 7 9
0 0.96 219 215 7 9
7 1.0 226 215 7 9
1 1.0 254 215 6 9
1 1.0 632 240 8 9
4 0.99 849 273 6 9
7 0.87 855 274 6 8
7 1.0 749 275 7 8
0 1.0 533 277 6 8
2 1.0 496 277 6 8
2 1.0 486 277 7 9
7 1.0 509 277 7 8
4 1.0 503 277 6 9
1 0.99 379 278 6 9
1 1.0 290 289 6 9
0 1.0 297 289 8 10
1 0.97 214 290 7 9
8 1.0 324 314 7 9
3 1.0 277 314 7 10
6 1.0 226 314 6 10
1 0.96 214 315 7 9
5 1.0 284 315 7 8
1 1.0 266 315 6 9
7 1.0 880 400 7 9
8 1.0 898 400 5 9
6 1.0 867 400 7 9
1 1.0 875 401 4 8
0 0.98 904 428 8 9
7 1.0 880 456 8 8
2 1.0 892 456 6 8
2 1.0 868 456 6 8
4 1.0 874 456 7 9
7 0.96 892 507 6 9
2 1.0 875 508 7 9
4 1.0 882 508 6 8
0 0.79 898 528 10 27
1 1.0 860 539 9 16
0 1.0 898 542 16 13
7 1.0 846 543 16 12
2 1.0 885 543 15 12
0 0.96 898 543 9 19
9 1.0 875 544 15 11
4 1.0 835 544 13 14
2 1.0 819 544 10 14
2 1.0 701 656 7 9
1 1.0 776 657 7 9
8 1.0 352 659 7 9
2 1.0 344 659 7 9
8 1.0 707 674 7 8
9 1.0 413 708 7 10
0 1.0 344 709 8 9
9 1.0 352 709 8 9
0 1.0 360 709 7 9
2 1.0 368 709 6 9
1 1.0 375 709 6 9
8 1.0 383 709 7 9
8 1.0 397 709 8 9
6 1.0 405 709 7 9
4 1.0 390 709 7 9
1 0.96 109 865 4 9
2 1.0 107 882 7 9
  0.8 173 883 4 8
  0.55 190 885 3 7
  0.99 360 885 4 7
  0.73 384 885 6 7
0 1.0 738 886 6 7
  0.99 157 901 4 8
0 0.98 418 902 6 8
  0.98 664 904 6 6
0 0.72 768 904 6 8
3 1.0 107 917 6 8
  0.84 661 917 10 32
7 1.0 188 917 6 9
0 0.96 164 919 6 7
  0.56 338 919 5 8
  0.99 541 920 5 8
  0.88 807 921 3 9
1 1.0 857 922 4 8
  0.54 773 931 5 8
  0.51 314 936 8 12
1 0.51 235 936 4 7
0 0.79 325 936 6 8
0 0.66 428 936 6 8
5 0.97 313 937 4 6
1 0.86 629 937 5 7
  0.59 482 944 5 3
1 0.9 152 952 4 8
8 0.99 689 954 7 9
0 0.92 649 954 6 9
5 1.0 658 954 6 9
8 1.0 666 954 6 8
9 1.0 696 954 7 9
8 0.99 635 954 7 9
0 0.98 642 954 6 9
8 0.99 672 954 7 9
1 0.93 773 954 4 10
  0.76 337 965 6 18
  0.83 450 965 5 18
  0.79 562 966 6 16
6 0.97 167 969 7 9
0 0.94 225 971 6 8
  0.54 656 972 9 6
4 1.0 106 986 8 9
  0.89 884 988 4 10
  0.98 366 989 5 8
  0.94 534 989 4 8
1 0.95 281 1006 4 8
  0.9 653 1007 4 8
0 0.82 670 1008 7 8
8 1.0 189 1045 7 11
1 1.0 250 1045 8 11
9 1.0 212 1046 7 10
4 1.0 219 1046 9 11
7 1.0 205 1046 7 10
3 1.0 243 1046 6 12
2 1.0 258 1046 8 11
1 1.0 229 1047 5 10
4 1.0 197 1047 8 11
3 1.0 235 1047 6 10
  0.99 427 1048 6 10
0 1.0 433 1048 7 9
  0.96 456 1048 8 10
3 1.0 551 1048 6 10
5 1.0 558 1048 4 10
5 0.99 563 1048 7 10
3 1.0 584 1048 7 10
0 1.0 597 1048 8 10
7 1.0 605 1048 6 10
9 1.0 626 1048 6 11
8 1.0 570 1048 8 10
5 1.0 577 1048 7 10
  0.99 592 1048 5 10
8 0.93 611 1048 7 10
5 1.0 618 1048 7 10
1 1.0 633 1048 5 10
6 0.99 639 1049 6 9
0 1.0 645 1049 8 10
  0.58 144 1069 3 8
0 1.0 805 1071 7 10
8 1.0 812 1071 7 10
0 1.0 822 1072 7 8
2 1.0 840 1072 7 9
9 1.0 861 1072 6 9
1 0.99 872 1072 4 9
7 1.0 829 1072 8 9
0 1.0 846 1072 7 9
  1.0 855 1072 5 9
3 1.0 877 1072 7 9
4 1.0 888 1072 7 9
  0.98 800 1089 5 9
4 1.0 806 1089 7 9
  1.0 813 1089 6 9
4 1.0 833 1089 7 9
2 1.0 840 1089 7 9
7 1.0 847 1089 7 9
3 1.0 820 1090 6 8
2 1.0 826 1090 7 8
  0.97 711 1130 13 14
2 1.0 702 1131 24 24
  0.56 69 1162 14 15
\\ 0.59 739 28 10 33
\\ 0.77 744 29 5 16
\\ 0.7 818 29 5 16
\\ 0.92 826 29 6 17
\\ 0.72 845 29 6 16
\\ 0.64 722 29 6 19
\\ 0.74 726 29 6 17
\\ 0.66 778 29 5 19
\\ 0.91 790 29 9 32
\\ 0.93 769 30 5 16
\\ 0.87 865 30 5 17
\\ 0.66 872 31 6 17
\\ 0.61 703 31 9 28
\\ 0.75 712 31 4 17
\\ 0.86 698 34 9 33
\\ 0.62 749 36 10 30
( 0.88 158 62 7 12
' 0.78 133 64 6 11
^ 0.98 236 70 9 13
_ 0.99 870 80 14 20
/ 0.87 735 82 11 17
\\ 0.81 221 83 5 18
# 0.97 285 99 9 11
* 1.0 450 137 5 10
, 0.86 488 163 3 10
, 1.0 538 163 3 10
, 0.75 373 164 4 10
~ 0.85 89 166 8 11
, 0.99 242 167 3 8
, 0.56 139 169 2 6
* 0.98 845 185 4 10
_ 0.61 774 187 9 11
; 0.76 722 189 3 7
\\ 0.56 229 191 3 9
# 1.0 153 192 10 9
- 0.99 226 193 5 8
: 0.87 146 195 3 7
/ 0.97 875 209 5 10
/ 1.0 856 209 5 10
/ 1.0 233 215 5 9
/ 1.0 214 216 5 9
, 0.6 193 218 2 6
{ 0.99 896 273 5 8
@ 1.0 773 274 6 8
# 1.0 659 275 5 7
@ 1.0 542 277 6 7
. 0.96 222 314 3 10
, 0.89 273 315 3 9
, 0.99 316 315 4 10
, 0.99 258 316 3 9
* 0.99 232 341 4 11
@ 1.0 914 400 6 8
. 0.54 888 401 2 8
@ 0.99 914 428 6 7
& 1.0 914 456 6 7
. 0.79 888 457 3 7
# 1.0 915 480 5 8
$ 1.0 916 507 5 7
@ 1.0 916 543 9 12
. 1.0 831 547 5 11
, 0.99 871 550 4 9
> 0.67 917 550 8 7
* 1.0 787 657 4 9
* 1.0 712 658 4 8
- 0.99 737 674 5 9
_ 0.59 336 675 8 11
@ 0.99 440 675 8 10
, 0.95 451 677 3 9
, 0.99 375 693 3 9
# 0.53 197 861 18 9
~ 0.57 483 863 17 7
& 0.7 556 863 17 7
. 0.98 114 865 3 9
@ 0.98 343 865 8 9
& 0.73 559 865 7 10
& 1.0 568 866 7 9
* 0.52 697 866 4 8
. 0.95 699 866 4 9
@ 0.99 441 867 6 8
* 0.55 781 879 3 5
^ 0.53 108 882 6 25
@ 0.98 177 883 6 8
& 0.9 562 883 3 10
, 1.0 114 884 3 7
, 0.99 218 884 4 9
" 0.56 552 890 7 17
^ 0.55 519 893 10 14
% 0.51 616 897 5 7
( 1.0 461 901 5 11
@ 1.0 128 901 6 8
) 1.0 782 902 5 11
_ 0.75 95 902 13 11
^ 0.5 134 902 3 8
. 1.0 454 902 4 8
* 0.52 542 914 6 5
@ 0.93 495 918 7 10
. 0.98 114 919 3 7
. 0.99 579 920 5 9
, 0.99 368 920 3 8
\\ 0.73 522 927 4 22
, 0.66 649 929 6 20
* 0.88 605 930 5 19
* 0.54 430 931 5 5
* 0.79 561 933 6 16
* 0.51 341 934 4 8
: 0.82 414 938 3 6
, 0.97 523 938 5 9
, 0.88 642 939 5 8
_ 0.54 96 952 10 11
, 1.0 280 953 4 9
, 0.94 327 953 4 11
% 0.97 203 954 6 6
, 0.98 703 956 4 9
. 0.97 886 957 4 10
\\ 0.94 313 971 4 9
, 0.96 362 981 4 6
\\ 0.5 222 988 2 8
. 0.95 655 989 3 9
@ 0.98 847 989 7 11
, 0.78 176 992 10 28
* 0.55 152 993 9 27
~ 0.61 139 994 10 26
* 0.52 164 994 9 26
, 0.69 490 994 9 26
, 0.65 502 994 9 26
* 0.65 485 997 8 23
, 0.72 372 997 8 23
* 0.77 378 997 8 23
, 0.66 206 997 9 23
* 0.79 253 998 9 22
* 0.56 437 998 10 22
@ 0.99 704 1006 8 11
_ 0.73 469 1007 6 8
^ 0.59 507 1007 5 7
. 0.96 729 1008 3 8
" 0.74 687 1012 8 7
$ 0.98 106 1029 8 10
@ 0.98 372 1047 7 10
~ 1.0 154 1047 5 10
- 1.0 301 1048 7 11
. 0.99 411 1048 5 10
' 0.95 186 1049 3 8
( 0.99 517 1049 4 11
) 1.0 653 1049 4 12
: 0.95 386 1050 2 7
" 0.98 835 1071 5 10
^ 0.99 819 1072 5 9
^ 0.98 885 1074 3 8
' 0.96 798 1074 3 6
) 0.99 854 1089 4 11
( 1.0 753 1089 5 11
: 0.91 792 1092 3 6
^ 0.55 709 1106 9 26
& 1.0 709 1111 11 9
( 0.99 684 1111 5 11
) 0.99 793 1111 5 11
( 0.98 112 1116 28 16
( 0.77 114 1127 11 19
@ 0.94 728 1128 16 15
. 0.83 757 1138 8 26
- 0.98 133 1162 11 19
' 0.62 741 1162 6 23
@ 0.6 168 1179 10 6
, 0.85 778 1181 8 21
_ 0.99 729 1181 12 15
~ 0.52 685 1189 13 7
} 0.94 803 1190 20 26
