Ế 1.0 329 29 21 36
À 1.0 463 31 19 33
Ơ 0.95 658 34 18 27
À 0.82 792 60 10 25
Ấ 1.0 100 63 13 19
ỹ 1.0 770 73 10 17
Ề 1.0 458 106 12 18
ố 1.0 767 115 13 16
À 1.0 496 166 9 19
Ấ 1.0 896 167 10 15
Ú 1.0 480 168 8 18
Ấ 1.0 856 168 11 15
Ú 0.97 518 169 6 16
Ú 1.0 409 170 8 16
Ù 1.0 444 170 9 17
Ứ 1.0 358 172 8 16
Ú 1.0 320 172 8 16
ù 1.0 760 172 10 13
Ù 1.0 269 173 8 19
ù 1.0 689 173 9 13
Ù 1.0 82 175 7 16
Ừ 0.98 860 193 9 14
Ơ 0.89 864 196 12 9
Ư 1.0 506 197 16 11
ỵ 0.99 756 198 11 11
Ừ 0.93 707 200 10 9
Ơ 0.99 202 202 11 12
Ề 1.0 507 214 9 15
Ú 1.0 367 217 11 16
Ẩ 1.0 466 217 8 14
ứ 0.98 502 217 7 14
Ồ 0.99 397 218 10 14
Ừ 1.0 417 219 11 13
Ừ 1.0 237 220 10 14
Ư 1.0 407 220 12 12
À 1.0 281 220 9 14
ủ 0.96 127 222 6 14
Đ 0.99 78 223 13 13
Ụ 0.99 91 224 6 16
ố 1.0 498 236 11 15
ù 1.0 448 240 9 13
Ầ 1.0 298 240 9 16
Ộ 1.0 389 241 9 16
Á 1.0 350 241 9 14
Ừ 1.0 256 243 10 13
Ư 1.0 246 245 11 11
Ậ 1.0 97 268 9 16
Đ 1.0 79 269 13 13
ụ 1.0 146 272 8 13
ú 1.0 140 345 9 13
ù 1.0 182 345 9 13
Ù 0.99 251 345 11 12
Ề 1.0 97 346 8 13
Ư 0.96 150 366 15 15
ủ 1.0 135 367 6 14
Đ 0.99 88 368 13 14
Ợ 0.99 100 368 5 16
Ứ 0.97 563 377 6 15
Ấ 1.0 765 377 9 12
Ú 0.96 543 378 5 13
Ấ 0.99 646 379 8 11
Đ 0.89 89 391 12 12
Ậ 1.0 107 391 9 16
ụ 1.0 155 394 9 13
Ề 1.0 888 401 9 17
Ỵ 0.82 440 404 13 20
Ề 1.0 701 404 11 16
ù 1.0 827 405 9 13
Ú 1.0 655 408 6 16
Đ 1.0 608 409 14 13
Ư 1.0 621 409 11 12
Ề 1.0 533 410 8 13
â 1.0 494 410 8 13
ù 1.0 358 410 10 16
Ã 1.0 459 411 9 12
ú 1.0 317 411 8 14
Ã 1.0 283 412 9 13
Ẩ 1.0 174 420 9 16
Ỷ 1.0 130 422 9 14
Ơ 0.83 866 430 13 12
Ơ 0.86 639 434 11 10
Ợ 1.0 664 475 12 14
ủ 1.0 879 486 9 16
ú 1.0 193 488 12 17
ù 1.0 835 489 9 14
ú 1.0 688 491 8 13
Đ 1.0 118 492 13 12
ố 1.0 472 492 13 17
Đ 0.99 634 492 14 14
Ư 1.0 132 493 11 13
Ư 1.0 648 493 10 13
Ợ 1.0 505 493 11 18
Ư 1.0 493 495 13 14
ù 1.0 335 496 9 13
Ề 1.0 301 497 9 14
Ù 0.96 682 515 8 15
Ừ 0.85 511 516 6 14
ỳ 0.98 651 516 8 14
Ử 0.98 328 520 6 14
Ừ 0.99 346 520 7 14
Ư 0.96 350 523 10 10
Ư 0.98 566 586 26 23
Ư 0.92 216 733 10 15
Ổ 1.0 726 882 13 19
Ồ 0.99 626 886 14 18
ớ 1.0 599 887 11 16
è 1.0 506 888 10 15
Ừ 1.0 640 889 12 14
Ổ 1.0 137 978 10 16
Ứ 1.0 179 979 10 16
ủ 0.56 108 1028 4 12
ứ 1.0 135 1029 9 12
Ứ 0.99 486 1044 4 12
ù 1.0 452 1045 9 12
Ú 1.0 373 1045 8 13
Ớ 1.0 395 1045 8 13
À 1.0 261 1045 9 13
Ú 0.96 309 1045 4 12
Ở 1.0 333 1045 10 12
Ổ 1.0 417 1045 9 12
Ừ 1.0 426 1046 9 11
Ừ 1.0 135 1046 8 12
Ô 1.0 182 1046 9 12
Ậ 1.0 230 1046 9 15
Ù 0.94 123 1047 4 11
Ổ 1.0 822 1059 9 13
Ề 1.0 862 1059 9 12
Ừ 1.0 911 1059 9 13
Ậ 1.0 946 1059 9 16
ỳ 1.0 689 1060 9 16
ý 1.0 774 1060 8 16
Ù 0.99 723 1061 6 12
Ừ 1.0 735 1061 10 13
Ư 1.0 903 1061 9 11
Ù 1.0 613 1061 9 13
Ở 0.98 661 1061 8 13
Ử 1.0 512 1062 9 12
Ừ 0.98 508 1063 4 11
ý 1.0 648 1063 8 15
Ậ 1.0 438 1063 9 15
À 1.0 469 1063 8 12
Ụ 1.0 845 1063 8 11
Ằ 1.0 278 1063 10 14
Ử 1.0 365 1063 8 13
Ậ 1.0 399 1063 8 15
Ấ 1.0 127 1064 9 13
ứ 1.0 326 1064 9 12
Ử 0.91 158 1064 4 12
À 1.0 231 1064 9 12
À 1.0 256 1064 10 12
À 1.0 192 1064 8 12
ạ 1.0 669 1064 9 12
Ẩ 0.97 545 1065 9 10
Ấ 1.0 544 1079 9 14
Ề 1.0 600 1079 9 14
Ể 1.0 285 1080 9 14
Ử 1.0 358 1080 10 13
Ý 1.0 502 1080 9 13
ứ 1.0 477 1081 8 12
Ậ 1.0 413 1081 9 15
À 1.0 246 1082 9 12
À 1.0 304 1082 8 12
Ư 1.0 277 1082 9 12
À 1.0 112 1082 9 12
À 1.0 176 1082 9 12
Ậ 1.0 215 1082 9 14
Ư 1.0 338 1083 8 11
ạ 1.0 575 1083 9 12
Ồ 1.0 486 1103 12 14
ủ 1.0 885 1104 9 15
Ỷ 1.0 579 1105 8 14
ú 1.0 714 1106 9 13
ù 1.0 756 1106 9 13
Ý 0.99 613 1106 9 16
ự 1.0 424 1111 10 12
Ư 0.51 562 1122 10 25
Ơ 0.99 738 1131 8 11
Ỳ 0.88 758 1131 8 11
Ơ 0.89 325 1133 9 11
ý 1.0 187 1161 11 20
ứ 1.0 157 1162 11 14
Ư 0.91 708 1163 11 12
Ì 0.64 266 1168 7 19
Ỳ 0.6 567 1179 25 31
À 0.91 607 1182 12 17
ứ 1.0 214 1185 10 15
à 1.0 194 1186 8 14
Ủ 1.0 141 1186 10 14
Ọ 1.0 167 1189 10 13
Ỵ 0.94 709 1202 11 19
Ư 1.0 177 1213 13 11
Ư 0.99 184 1214 10 10
ù 1.0 168 1248 9 13
ú 0.67 164 1268 11 12
  0.51 53 9 17 19
H 1.0 712 35 18 24
A 1.0 675 35 18 25
l 0.99 584 35 8 26
l 0.97 925 36 7 17
u 0.82 848 36 14 21
l 0.64 877 36 7 17
l 0.88 898 36 5 17
l 0.99 902 36 9 17
N 1.0 593 37 17 25
D 1.0 641 37 17 25
N 1.0 694 37 16 24
l 0.89 913 37 5 15
G 1.0 501 37 17 26
K 1.0 568 37 17 25
H 1.0 612 37 17 25
l 0.96 867 37 7 17
P 1.0 541 37 16 25
l 0.57 822 37 7 17
l 0.89 890 37 6 17
l 1.0 914 37 10 19
G 1.0 374 38 18 27
N 1.0 483 38 17 25
1 1.0 814 38 9 17
l 0.98 826 38 7 17
l 0.99 836 38 6 17
l 0.97 856 38 6 16
l 1.0 873 38 7 17
H 1.0 446 38 17 25
l 1.0 801 38 7 17
l 0.89 862 38 6 16
P 1.0 286 39 17 23
l 0.89 790 39 6 16
l 0.99 808 39 6 16
A 1.0 400 39 19 25
l 1.0 393 39 8 25
H 1.0 303 40 16 24
l 1.0 321 40 8 25
U 1.0 346 40 18 26
l 0.9 914 56 8 18
l 0.9 903 56 10 18
l 0.66 841 58 10 27
  0.85 926 58 12 32
l 0.73 816 58 6 21
s 0.93 828 59 12 25
  0.6 810 60 7 17
l 0.57 801 62 9 17
0 1.0 112 66 16 18
5 1.0 150 68 13 16
  1.0 180 68 13 16
7 0.98 196 68 14 21
m 1.0 130 68 17 17
J 1.0 164 68 13 16
F 1.0 936 69 13 22
  0.9 82 69 22 29
M 1.0 962 70 17 14
s 1.0 829 70 10 22
n 0.99 920 70 15 21
C 1.0 950 70 12 13
N 1.0 853 72 11 20
f 1.0 866 72 10 20
h 1.0 785 72 10 13
K 1.0 758 72 13 14
  0.99 792 73 8 19
l 0.62 891 73 8 20
s 1.0 603 73 16 20
S 1.0 667 73 17 20
  0.99 811 73 12 20
o 1.0 561 73 19 21
A 1.0 619 74 18 20
L 1.0 637 74 14 19
E 1.0 652 74 15 19
I 0.54 863 74 6 19
l 1.0 823 74 6 19
R 1.0 580 74 16 20
F 1.0 547 75 14 19
o 1.0 482 76 18 20
T 1.0 499 76 16 19
E 1.0 516 76 14 18
t 1.0 876 76 7 16
N 1.0 465 77 16 18
E 1.0 408 77 15 20
R 1.0 424 77 17 20
L 1.0 370 78 14 19
V 1.0 391 78 16 19
Y 1.0 441 78 17 19
l 1.0 384 78 7 18
D 1.0 336 79 16 19
E 1.0 354 79 15 19
1 0.97 800 92 7 15
s 1.0 763 94 9 14
r 0.97 780 98 8 9
a 0.99 792 98 8 10
e 1.0 772 98 9 9
1 0.96 787 101 5 6
u 0.56 790 101 4 6
c 1.0 518 106 16 18
i 1.0 452 107 6 17
L 1.0 440 108 13 18
p 1.0 546 109 13 18
y 1.0 558 110 13 17
o 1.0 534 110 12 13
n 1.0 471 111 12 13
9 1.0 825 115 13 21
s 1.0 758 117 10 13
0 0.99 795 117 14 20
v 0.71 764 124 13 31
N 1.0 764 139 15 13
o 1.0 778 143 10 9
  0.59 733 146 19 20
h 1.0 881 170 12 13
s 1.0 847 170 9 14
i 0.97 891 171 6 13
N 1.0 536 172 8 12
h 1.0 751 172 11 13
M 1.0 525 172 11 14
i 1.0 722 172 6 12
c 1.0 506 173 6 13
H 1.0 543 173 8 12
H 1.0 512 173 8 12
P 0.99 468 173 6 13
N 1.0 666 173 14 14
N 1.0 451 174 9 12
H 1.0 458 174 8 12
H 1.0 473 174 8 12
H 1.0 489 174 9 12
0 1.0 378 174 7 13
H 1.0 423 174 8 12
T 1.0 432 174 7 12
H 1.0 439 174 7 12
K 1.0 588 174 13 13
u 1.0 905 174 11 9
H 1.0 403 174 7 12
N 1.0 416 174 8 12
p 1.0 872 174 10 14
N 1.0 396 175 8 12
h 1.0 599 175 11 12
H 1.0 383 175 9 12
F 0.62 587 175 5 12
I 0.9 389 175 6 13
l 1.0 326 176 5 12
G 1.0 339 176 8 13
v 1.0 346 176 7 13
N 1.0 365 176 8 13
N 1.0 332 176 9 13
Y 1.0 352 176 8 13
g 1.0 713 176 10 14
o 1.0 736 176 9 10
n 1.0 770 176 10 9
g 1.0 779 176 10 13
0 1.0 246 176 11 13
A 1.0 290 176 8 13
M 1.0 296 176 10 13
T 1.0 307 176 8 13
H 1.0 313 176 8 13
a 1.0 728 176 8 10
L 0.97 201 177 6 13
M 1.0 236 177 10 12
T 1.0 275 177 8 12
N 1.0 283 177 9 12
s 1.0 147 177 6 13
E 0.98 207 177 6 12
C 1.0 212 177 7 12
R 1.0 224 177 7 12
M 1.0 259 177 11 12
y 1.0 698 177 10 13
G 1.0 186 177 7 12
E 1.0 194 177 8 12
m 1.0 218 177 7 12
g 1.0 680 177 10 14
M 1.0 159 178 9 12
s 0.99 167 178 6 13
U 0.99 172 178 8 13
o 1.0 610 178 9 10
c 1.0 75 179 7 13
G 1.0 96 179 7 12
n 0.99 105 179 10 13
Y 0.98 110 179 8 12
H 1.0 131 179 8 12
H 1.0 138 179 8 12
A 1.0 153 179 8 12
N 1.0 178 179 9 12
N 1.0 89 179 7 12
T 0.98 119 179 6 11
N 1.0 124 179 9 12
t 1.0 856 192 8 16
N 1.0 902 193 15 13
D 1.0 835 194 15 13
D 1.0 741 195 22 13
t 1.0 698 195 7 14
l 0.78 597 196 7 14
i 0.96 702 196 8 13
N 1.0 518 196 14 11
D 1.0 677 196 15 13
t 1.0 764 196 9 12
c 1.0 530 197 10 12
H 1.0 540 197 12 12
y 0.94 886 197 12 15
o 0.94 916 197 9 10
H 1.0 442 197 16 11
e 1.0 874 197 10 11
r 1.0 881 197 8 9
C 1.0 456 198 10 12
M 1.0 464 198 18 10
C 1.0 478 198 10 12
B 1.0 492 198 8 11
R 1.0 500 198 10 11
o 0.94 726 198 16 9
e 1.0 849 198 9 9
1 0.65 587 198 5 12
P 1.0 587 198 11 13
m 0.83 330 199 20 9
T 1.0 412 199 10 12
e 0.99 769 199 10 9
c 1.0 378 199 10 12
o 0.99 388 199 11 12
L 1.0 405 199 9 12
e 1.0 690 199 9 10
e 1.0 715 199 10 10
r 1.0 723 199 8 9
y 1.0 730 199 10 14
Y 1.0 344 200 11 12
T 1.0 274 201 9 12
n 1.0 609 201 12 9
s 1.0 237 201 8 12
L 1.0 159 202 9 12
E 1.0 167 202 9 11
c 1.0 176 202 9 12
T 1.0 185 202 9 11
R 1.0 194 202 10 11
N 1.0 213 202 11 11
I 0.99 224 202 5 11
V 1.0 249 202 11 11
N 1.0 259 202 11 11
H 1.0 283 202 10 10
A 1.0 293 202 11 10
N 1.0 313 202 11 10
G 1.0 323 202 11 10
E 1.0 355 202 8 9
N 1.0 363 202 10 9
D 1.0 422 202 10 8
m 0.98 599 202 9 8
I 0.83 304 202 5 10
U 1.0 335 202 8 10
N 1.0 123 202 12 12
G 1.0 135 202 10 12
C 1.0 228 202 10 11
s 1.0 76 202 8 13
s 1.0 106 202 8 12
U 0.98 114 202 10 13
E 1.0 149 202 10 12
M 1.0 94 203 12 12
A 1.0 84 204 10 11
T 1.0 485 217 12 14
H 1.0 452 218 14 14
i 1.0 474 218 7 13
h 1.0 271 220 11 14
B 1.0 295 220 11 13
i 1.0 305 220 6 14
T 1.0 226 221 12 13
u 1.0 517 221 10 10
r 1.0 496 221 7 9
A 1.0 143 221 12 15
t 1.0 311 221 6 12
h 1.0 117 222 11 14
d 0.95 163 222 12 15
n 1.0 427 222 10 10
g 1.0 437 222 10 14
c 1.0 334 223 7 10
s 1.0 360 224 7 9
x 1.0 325 224 9 9
o 1.0 341 224 10 9
e 1.0 317 224 8 9
n 1.0 261 224 11 10
a 1.0 248 225 8 9
e 1.0 179 225 8 9
s 1.0 186 225 8 10
s 0.99 193 225 7 10
c 1.0 110 226 8 10
r 1.0 172 226 8 9
a 1.0 96 227 9 9
M 1.0 537 238 16 14
h 1.0 489 239 11 13
H 1.0 513 239 14 13
c 1.0 526 239 12 13
h 1.0 439 239 10 14
h 1.0 465 239 11 14
P 1.0 480 239 10 13
T 1.0 429 240 12 13
Q 1.0 368 240 14 17
h 1.0 341 241 11 14
N 1.0 320 241 13 15
h 1.0 237 242 10 14
B 1.0 288 242 10 14
P 1.0 228 242 10 14
n 1.0 457 243 9 10
n 1.0 398 244 10 10
u 1.0 381 245 9 9
g 1.0 333 246 9 13
n 1.0 306 246 9 9
n 1.0 265 246 9 10
g 1.0 274 247 10 14
S 1.0 585 263 10 14
l 1.0 190 267 5 13
T 1.0 170 267 12 14
h 1.0 126 268 11 14
i 1.0 154 269 7 12
i 1.0 92 269 5 13
t 1.0 121 270 6 12
e 1.0 181 272 8 9
o 1.0 136 272 10 10
n 1.0 105 273 11 9
F 1.0 79 293 10 13
a 1.0 89 297 9 9
x 1.0 97 297 10 9
v 1.0 917 305 13 15
N 1.0 929 305 14 14
D 1.0 943 306 14 14
c 1.0 841 307 13 15
c 1.0 895 310 8 11
r 1.0 870 311 7 9
n 1.0 885 311 10 9
r 1.0 864 311 7 9
e 1.0 877 311 8 9
u 1.0 854 311 10 10
y 1.0 901 311 11 15
c 1.0 221 344 13 13
h 1.0 172 344 11 14
t 1.0 246 344 8 13
k 1.0 121 345 11 13
h 1.0 130 345 11 15
h 1.0 157 345 11 14
T 1.0 87 346 11 13
r 1.0 278 347 10 10
m 1.0 260 347 13 10
u 1.0 233 347 9 10
e 1.0 273 347 7 10
g 1.0 202 348 10 14
s 1.0 240 348 7 9
n 1.0 191 349 10 9
c 1.0 150 349 7 9
n 1.0 105 350 11 9
c 1.0 563 354 10 14
M 1.0 574 354 11 14
M 1.0 526 355 12 13
H 1.0 553 355 11 13
K 1.0 538 355 11 13
T 1.0 515 355 11 14
h 1.0 379 356 8 14
S 1.0 414 356 10 14
N 1.0 506 356 9 13
C 1.0 343 357 11 13
l 0.73 362 357 4 14
p 1.0 369 360 9 13
o 1.0 388 360 9 10
n 1.0 397 360 8 10
e 1.0 406 360 9 10
e 1.0 354 360 8 10
h 1.0 126 368 10 13
e 0.99 186 370 8 10
s 1.0 200 370 7 10
r 1.0 179 371 8 9
s 1.0 193 371 7 9
a 1.0 105 372 9 9
c 1.0 119 372 7 9
M 1.0 829 373 12 15
v 1.0 846 373 12 14
N 1.0 857 373 12 14
H 1.0 808 374 10 13
c 1.0 818 374 11 13
Q 1.0 745 375 12 17
h 1.0 637 375 9 14
L 1.0 709 375 8 14
P 1.0 627 376 10 13
N 1.0 674 376 11 13
i 0.88 618 376 5 13
M 1.0 552 377 13 14
h 1.0 578 377 8 14
K 1.0 592 377 11 13
h 1.0 602 377 10 14
T 1.0 522 377 13 15
h 1.0 535 377 8 15
n 1.0 774 378 10 10
u 1.0 694 378 9 11
a 0.99 717 378 8 11
u 1.0 756 378 9 10
N 1.0 464 379 11 13
o 0.98 725 379 10 11
g 1.0 685 379 9 14
m 1.0 655 379 14 11
a 1.0 610 380 8 10
n 1.0 569 380 8 11
n 1.0 511 381 8 11
g 1.0 475 381 9 14
y 1.0 493 381 9 13
e 0.89 501 381 9 11
u 1.0 485 382 8 10
l 0.98 202 389 5 13
i 1.0 102 390 6 12
h 1.0 136 390 11 12
i 1.0 164 390 6 12
t 1.0 130 390 7 12
T 1.0 182 390 14 13
e 1.0 194 393 8 9
n 1.0 115 394 11 10
o 0.99 146 394 9 9
z 1.0 395 402 9 13
h 1.0 858 404 11 14
Y 0.76 345 405 9 10
N 1.0 803 405 15 14
h 1.0 673 406 11 14
n 1.0 896 408 10 10
u 1.0 869 408 10 10
c 1.0 851 408 8 10
y 1.0 878 409 10 13
g 1.0 817 409 10 14
y 1.0 836 409 10 13
h 1.0 483 409 11 14
i 1.0 528 410 5 12
1 0.5 711 410 2 10
n 1.0 711 410 10 10
u 1.0 683 411 10 9
h 1.0 333 411 11 14
h 0.95 348 411 11 14
c 1.0 666 411 7 9
k 1.0 298 411 11 14
h 1.0 307 411 10 14
n 1.0 630 411 11 10
y 1.0 693 411 9 14
  0.97 889 411 12 35
v 1.0 646 412 9 9
M 1.0 267 412 17 14
g 0.98 377 412 11 17
n 1.0 542 413 10 9
n 0.99 368 413 10 11
n 1.0 503 413 10 9
v 1.0 518 413 10 10
n 1.0 474 414 10 9
c 1.0 326 415 8 10
h 1.0 165 422 10 14
s 1.0 121 422 10 14
m 1.0 184 426 14 10
n 1.0 140 427 10 10
p 1.0 154 427 11 14
f 0.97 843 427 11 19
D 1.0 799 429 14 13
t 1.0 856 429 8 12
  1.0 661 429 12 19
b 1.0 688 429 11 15
t 1.0 819 429 8 12
T 1.0 622 431 15 13
e 0.94 896 431 10 10
m 0.94 876 431 12 10
s 1.0 885 431 9 10
r 1.0 903 431 9 9
r 0.99 861 431 8 10
a 0.99 811 432 9 9
e 1.0 825 432 8 9
0 0.95 837 432 10 9
N 1.0 521 432 14 14
t 0.99 465 433 8 13
s 1.0 449 433 10 14
y 1.0 695 433 11 15
r 0.99 676 434 8 9
u 0.55 286 434 15 12
n 0.99 648 434 10 10
e 1.0 669 434 9 10
N 1.0 351 434 14 15
s 0.96 656 435 10 8
c 1.0 278 435 13 15
r 0.99 634 435 8 9
m 0.97 485 436 15 11
r 0.98 505 436 6 10
0 0.92 533 436 10 10
t 1.0 304 437 8 12
a 1.0 458 437 9 9
s 0.99 478 437 8 9
I 0.84 626 437 8 8
J 0.97 661 437 7 12
e 1.0 470 437 9 9
m 0.99 319 438 12 10
a 0.96 497 438 11 8
e 1.0 330 438 10 10
s 0.98 297 439 9 10
u 1.0 290 439 10 10
r 0.99 338 439 8 9
d 1.0 157 445 11 14
t 1.0 181 445 8 13
P 1.0 133 445 12 14
u 1.0 165 449 11 10
c 0.99 174 449 9 10
o 1.0 150 449 9 10
r 0.99 143 450 8 9
L 1.0 685 475 11 15
h 1.0 853 488 12 14
i 0.97 874 489 7 14
T 1.0 815 489 10 14
h 1.0 825 489 11 14
t 1.0 869 490 7 12
h 1.0 170 490 12 15
i 1.0 683 491 5 13
n 1.0 888 492 11 10
g 0.97 353 493 12 18
n 1.0 844 493 10 9
8 1.0 669 493 20 17
h 1.0 324 494 14 15
s 1.0 463 494 10 15
1 0.95 487 494 6 15
s 1.0 186 494 7 10
n 1.0 142 495 10 10
n 1.0 657 496 11 9
n 1.0 287 496 19 15
g 1.0 523 497 10 15
n 1.0 513 498 11 10
g 1.0 354 500 9 14
n 1.0 310 501 11 9
n 1.0 345 501 9 9
e 0.67 301 505 7 5
I 0.77 345 505 5 5
l 0.55 350 505 4 6
A 1.0 828 512 15 15
N 1.0 165 513 14 15
t 1.0 879 514 7 12
o 0.92 148 514 13 14
s 1.0 133 515 10 15
u 1.0 629 516 15 14
m 1.0 841 516 16 11
u 1.0 862 516 9 10
0 1.0 853 516 9 10
n 1.0 869 516 12 11
t 0.99 656 517 7 12
0 1.0 178 518 9 9
Q 1.0 465 518 17 18
t 1.0 516 518 7 13
c 1.0 688 518 8 11
t 1.0 505 519 7 12
e 1.0 695 519 8 10
p 1.0 667 520 10 15
n 1.0 642 520 10 9
r 1.0 677 520 6 10
D 1.0 286 521 14 13
t 1.0 340 521 8 12
n 1.0 496 521 10 11
y 1.0 521 521 9 15
u 1.0 480 522 10 10
p 1.0 330 524 12 14
n 1.0 358 524 11 9
e 1.0 300 524 8 10
s 1.0 307 524 8 10
c 1.0 314 524 8 10
r 1.0 320 524 9 10
B 1.0 271 593 9 16
E 1.0 350 593 10 15
w 0.96 368 593 21 15
E 1.0 261 593 9 16
s 1.0 340 593 10 15
G 1.0 358 594 12 13
w 0.99 381 594 22 13
P 1.0 286 594 10 12
C 1.0 331 594 10 14
T 1.0 158 595 12 15
R 1.0 103 596 9 14
o 1.0 110 596 12 14
N 1.0 150 596 9 14
i 0.61 124 605 6 5
w 1.0 369 628 21 15
G 1.0 359 629 11 13
N 1.0 388 629 12 13
B 1.0 271 629 9 14
P 1.0 286 629 10 14
C 1.0 331 629 10 14
S 1.0 340 629 10 14
E 1.0 350 629 10 14
E 1.0 261 630 10 13
T 1.0 158 631 12 14
N 1.0 150 631 9 14
O 0.98 111 632 11 13
P 1.0 103 632 9 14
G 1.0 360 664 11 14
w 0.98 381 664 19 14
C 1.0 331 664 11 14
S 1.0 341 664 9 15
E 1.0 351 664 9 14
E 1.0 262 664 9 15
B 1.0 272 664 9 15
P 1.0 287 664 9 15
P 1.0 103 666 9 14
N 1.0 150 666 10 14
T 1.0 158 666 13 14
O 1.0 111 667 12 14
P 1.0 288 694 10 19
G 1.0 359 697 14 16
1 0.93 554 698 9 15
c 1.0 330 698 13 15
E 1.0 352 699 8 14
B 1.0 272 699 9 14
s 1.0 340 699 10 14
w 0.96 381 699 20 14
w 0.98 370 699 19 15
E 1.0 263 701 8 13
P 1.0 103 701 9 13
N 1.0 151 701 8 13
T 0.99 158 701 12 13
o 1.0 111 701 11 14
U 0.93 216 706 8 8
I 0.92 307 706 5 8
U 0.84 314 706 8 8
Z 0.85 580 711 25 18
w 0.98 372 732 19 15
w 1.0 381 732 21 15
G 1.0 360 733 12 14
0 1.0 314 733 9 15
E 1.0 352 733 9 14
B 1.0 272 733 10 14
C 1.0 331 733 11 15
S 1.0 341 733 10 14
O 0.99 206 733 10 15
E 1.0 263 733 9 14
P 1.0 288 733 9 14
0 0.94 323 733 10 15
0 0.79 188 734 9 14
o 1.0 112 734 12 15
T 1.0 159 734 13 14
R 1.0 104 735 11 13
N 1.0 150 735 12 13
m 0.98 824 869 36 15
O 0.96 798 874 19 21
z 1.0 864 874 19 23
y 0.95 812 874 19 30
A 1.0 683 886 16 17
T 1.0 698 886 15 15
h 1.0 586 886 14 17
V 1.0 668 886 16 17
h 1.0 546 887 14 16
K 1.0 493 888 14 16
t 1.0 541 889 7 14
s 1.0 718 891 8 10
n 1.0 650 891 13 12
a 1.0 610 891 10 11
m 1.0 516 892 19 12
o 1.0 569 892 11 11
e 1.0 559 892 10 11
T 1.0 126 979 12 14
c 1.0 170 983 9 10
n 1.0 189 983 10 10
n 1.0 147 983 10 10
g 1.0 156 983 11 15
g 1.0 198 983 10 14
m 1.0 143 1002 23 14
t 0.98 166 1002 7 14
a 0.88 173 1005 8 10
U 0.87 160 1010 7 5
  0.88 181 1010 4 5
1 0.99 558 1010 5 10
l 0.77 550 1010 4 10
G 1.0 86 1029 12 12
h 1.0 125 1029 9 12
h 1.0 98 1029 9 12
c 1.0 117 1032 8 9
i 0.84 461 1045 3 12
h 1.0 478 1045 7 12
h 1.0 498 1045 8 12
h 1.0 253 1046 8 12
k 1.0 293 1046 8 11
h 1.0 386 1046 8 11
t 1.0 447 1046 6 10
h 1.0 222 1046 8 12
h 1.0 301 1046 8 11
k 1.0 317 1046 8 11
h 1.0 325 1046 8 11
c 1.0 469 1047 8 10
v 1.0 104 1047 10 12
l 0.98 131 1047 4 12
n 1.0 490 1047 7 9
k 1.0 166 1048 8 11
h 1.0 174 1048 8 11
a 1.0 404 1048 9 9
n 1.0 435 1048 7 9
g 1.0 279 1048 9 13
n 1.0 344 1048 7 9
g 1.0 352 1048 8 13
n 1.0 271 1049 7 9
c 1.0 365 1049 7 9
n 1.0 214 1049 7 9
n 1.0 240 1049 7 9
n 1.0 192 1049 7 9
n 1.0 144 1050 7 8
g 1.0 200 1050 8 12
u 1.0 115 1050 7 9
g 1.0 152 1050 9 13
i 0.99 920 1059 5 13
h 1.0 937 1059 9 12
h 1.0 836 1059 8 13
i 0.88 809 1061 4 12
l 0.99 731 1061 5 12
t 1.0 858 1061 5 11
k 1.0 767 1061 8 12
h 1.0 800 1061 9 12
s 1.0 535 1062 10 12
i 0.99 622 1062 4 12
l 0.99 686 1062 4 12
n 1.0 955 1062 8 10
i 0.94 678 1062 4 12
n 1.0 929 1062 7 10
n 1.0 885 1062 9 10
n 1.0 873 1063 7 9
i 0.6 395 1063 4 12
h 1.0 430 1063 7 12
g 1.0 894 1063 9 13
r 1.0 817 1064 6 9
h 1.0 461 1064 7 11
n 1.0 745 1064 7 9
g 1.0 753 1064 9 13
g 1.0 792 1064 8 12
b 1.0 270 1064 8 12
q 1.0 630 1064 9 13
u 1.0 716 1064 7 9
h 1.0 318 1064 8 12
v 1.0 707 1064 9 9
g 1.0 592 1065 8 13
u 1.0 639 1065 8 9
P 1.0 105 1065 9 12
h 1.0 115 1065 8 11
i 0.96 123 1065 4 12
h 1.0 183 1065 8 11
l 1.0 253 1065 3 11
m 1.0 554 1065 11 9
s 1.0 567 1065 7 9
u 1.0 575 1065 7 9
n 1.0 583 1065 9 9
v 1.0 605 1065 7 9
c 1.0 408 1066 8 9
n 1.0 479 1066 7 8
a 1.0 522 1066 8 8
n 1.0 448 1066 7 8
g 1.0 500 1066 8 13
c 1.0 357 1066 8 10
a 1.0 375 1066 8 10
n 1.0 421 1066 7 9
g 1.0 487 1066 8 12
g 1.0 296 1067 9 12
c 1.0 310 1067 7 9
n 1.0 336 1067 7 9
g 1.0 344 1067 8 12
v 1.0 387 1067 9 9
g 1.0 149 1067 8 12
g 1.0 209 1067 9 12
y 1.0 240 1067 8 12
n 1.0 288 1067 8 9
n 1.0 201 1068 7 8
n 1.0 224 1068 7 8
u 1.0 137 1068 7 9
a 1.0 162 1068 8 9
o 1.0 170 1068 8 9
k 1.0 525 1081 8 12
h 1.0 532 1081 8 12
i 0.97 541 1081 4 12
i 0.87 584 1081 5 12
h 1.0 380 1081 8 12
i 0.88 410 1081 3 12
l 0.98 299 1082 4 12
s 1.0 614 1082 7 10
t 0.89 486 1083 4 10
h 1.0 104 1083 8 11
h 1.0 237 1083 8 11
a 1.0 622 1083 9 10
h 1.0 207 1083 7 11
u 1.0 554 1083 7 10
u 1.0 631 1083 8 10
m 1.0 452 1084 12 9
c 1.0 495 1084 7 9
c 1.0 512 1084 8 9
n 1.0 567 1084 8 9
v 1.0 592 1084 8 9
c 1.0 423 1084 7 9
e 0.99 443 1084 8 9
x 1.0 469 1084 8 9
n 1.0 256 1085 7 9
m 1.0 313 1085 11 8
c 1.0 330 1085 7 9
s 1.0 351 1085 7 9
c 1.0 372 1085 8 8
o 0.99 389 1085 8 8
x 1.0 435 1085 7 8
y 1.0 185 1085 8 12
n 1.0 198 1085 7 9
n 1.0 225 1085 7 9
v 1.0 402 1085 7 8
n 1.0 122 1085 8 9
n 1.0 159 1085 8 9
g 1.0 264 1085 8 13
g 1.0 130 1086 10 12
g 1.0 167 1086 9 12
h 1.0 745 1102 11 15
h 1.0 730 1104 12 13
Q 1.0 861 1105 15 17
l 0.97 910 1105 5 14
h 1.0 704 1106 10 13
K 1.0 693 1106 12 13
B 1.0 570 1107 9 13
K 1.0 304 1108 12 12
u 1.0 875 1109 10 10
n 1.0 894 1109 10 10
n 1.0 765 1109 11 10
v 1.0 603 1110 10 10
h 1.0 314 1111 11 10
o 1.0 324 1111 11 11
v 1.0 415 1111 10 9
n 1.0 434 1111 11 9
c 1.0 450 1111 7 9
h 1.0 457 1111 11 9
e 1.0 487 1111 8 9
n 1.0 495 1111 11 9
o 1.0 588 1111 11 9
c 1.0 723 1111 10 9
n 1.0 746 1111 11 9
g 1.0 773 1111 14 13
y 1.0 914 1111 9 12
u 1.0 468 1111 10 9
y 1.0 478 1111 8 13
  0.6 250 1126 32 23
M 1.0 861 1128 17 14
G 1.0 579 1128 13 15
h 1.0 317 1129 10 13
c 1.0 704 1129 14 13
T 1.0 417 1129 12 14
W 1.0 280 1130 18 13
t 1.0 732 1130 6 12
t 1.0 481 1130 7 12
t 1.0 599 1130 7 12
e 1.0 910 1131 9 11
m 1.0 885 1131 11 11
r 1.0 918 1131 7 10
a 1.0 894 1132 9 9
a 1.0 877 1132 9 9
8 1.0 901 1132 10 15
u 1.0 716 1132 10 10
m 1.0 746 1132 12 10
r 1.0 765 1132 8 10
p 1.0 457 1133 11 15
a 1.0 591 1133 8 9
e 1.0 604 1133 8 9
s 1.0 725 1133 7 9
n 1.0 442 1133 10 9
s 0.99 451 1133 7 10
e 1.0 486 1133 8 9
r 1.0 493 1133 8 9
a 1.0 295 1133 13 10
u 1.0 334 1133 9 10
r 1.0 428 1133 7 9
a 0.98 434 1133 9 10
r 1.0 474 1133 7 9
r 0.99 304 1133 7 10
e 1.0 310 1133 8 10
s 1.0 342 1133 7 10
e 1.0 349 1133 8 10
  0.57 401 1136 12 10
t 1.0 710 1146 11 14
W 1.0 670 1154 28 23
w 0.89 696 1155 16 24
k 0.83 795 1157 12 23
C 1.0 135 1161 12 14
h 1.0 147 1162 10 13
k 1.0 179 1162 10 13
Z 0.67 328 1169 34 28
  0.9 441 1169 15 26
k 0.88 755 1171 13 18
j 1.0 768 1181 11 25
  0.92 583 1183 20 20
  0.88 594 1184 26 19
h 1.0 157 1185 11 15
G 1.0 101 1186 12 14
h 1.0 113 1186 11 15
i 1.0 123 1186 6 14
t 1.0 209 1187 7 12
n 1.0 224 1189 10 11
v 1.0 183 1190 10 10
r 1.0 135 1190 6 10
  0.89 712 1192 10 13
V 0.97 415 1200 27 36
v 1.0 563 1202 19 13
N 1.0 683 1202 14 15
  0.99 693 1202 15 21
Z 0.98 266 1203 15 20
l 0.61 256 1203 13 24
  0.58 439 1205 9 18
i 0.93 142 1210 7 15
s 1.0 133 1210 11 14
j 1.0 729 1210 6 17
t 1.0 172 1211 8 12
c 0.99 740 1211 9 13
m 1.0 154 1213 13 11
8 1.0 146 1214 11 16
e 1.0 193 1214 8 10
a 1.0 164 1214 9 10
o 1.0 701 1219 12 13
  0.69 606 1234 9 12
7 0.72 583 1237 25 33
z 1.0 602 1238 27 31
  0.87 264 1241 24 32
  0.91 447 1242 15 25
  0.87 454 1246 15 27
0 1.0 285 1246 20 25
N 1.0 145 1247 15 14
g 1.0 159 1252 10 14
y 1.0 177 1252 10 14
C 0.99 432 1259 10 14
C 1.0 248 1266 15 21
D 0.97 147 1269 16 11
L 0.99 168 1271 9 8
a 0.99 161 1272 8 6
s 1.0 330 1277 13 16
p 0.72 410 1277 13 12
  0.99 881 35 9 19
  0.73 935 36 6 17
  0.91 844 37 6 17
  0.96 793 37 9 17
0 0.99 417 38 18 26
  0.99 926 53 6 16
  0.97 891 57 7 17
  0.96 868 57 9 18
  0.9 887 58 7 16
  0.97 852 58 10 18
  0.97 882 58 7 17
  0.67 837 59 10 18
  0.99 861 60 8 16
  0.99 897 72 12 19
  0.71 882 73 10 18
1 1.0 577 106 8 17
1 1.0 490 107 9 16
0 0.95 840 115 13 21
6 1.0 869 115 13 21
7 1.0 884 115 13 21
2 1.0 810 116 13 20
7 1.0 855 116 13 19
0 1.0 230 177 7 12
2 1.0 382 219 10 13
1 1.0 413 240 7 13
0 0.93 884 258 9 13
6 1.0 914 258 9 13
9 1.0 923 258 8 13
0 1.0 875 259 7 12
0 1.0 894 259 8 12
6 1.0 904 259 8 12
4 1.0 844 259 8 12
8 1.0 865 259 7 12
7 1.0 854 260 9 12
0 0.98 710 260 10 14
0 1.0 733 260 9 14
3 1.0 742 260 10 14
1 1.0 688 261 7 14
7 1.0 719 261 8 13
8 1.0 835 261 8 12
2 1.0 668 261 9 14
9 1.0 695 261 10 15
0 1.0 677 261 9 14
0 1.0 613 262 9 14
5 1.0 595 263 9 14
2 1.0 604 263 8 14
1 0.99 328 264 8 14
7 1.0 310 266 10 13
3 1.0 319 266 9 13
0 1.0 336 266 9 13
9 1.0 279 266 10 14
1 1.0 289 266 7 13
5 1.0 296 266 10 14
8 1.0 234 266 9 14
4 1.0 242 266 10 14
8 1.0 251 266 9 14
3 1.0 271 266 9 13
7 0.67 312 281 8 28
2 1.0 336 289 9 13
1 1.0 289 289 6 15
7 1.0 310 289 9 13
4 1.0 319 289 9 13
8 1.0 252 290 8 15
5 1.0 296 290 9 14
0 0.97 326 290 10 13
4 1.0 243 290 9 15
3 1.0 271 290 9 14
9 1.0 280 290 9 14
8 1.0 234 290 9 14
  0.69 240 316 8 10
5 1.0 482 355 8 14
5 1.0 449 356 9 13
1 1.0 474 356 8 14
9 1.0 491 356 10 14
1 1.0 441 357 8 13
7 1.0 458 357 9 13
1 1.0 789 375 8 13
1 1.0 433 379 7 13
5 1.0 441 379 9 13
9 1.0 449 379 10 13
8 1.0 384 379 11 14
5 1.0 408 379 10 13
7 1.0 417 379 9 13
0 0.99 348 379 10 14
0 1.0 357 379 11 15
0 1.0 367 379 10 14
0 1.0 376 379 9 14
1 1.0 400 380 8 14
7 1.0 405 402 7 13
7 1.0 422 402 9 13
  1.0 430 402 10 13
6 0.99 386 403 8 12
  0.97 368 404 9 10
9 1.0 413 404 9 11
  0.97 378 404 9 11
  0.57 808 429 6 11
0 0.99 363 437 10 11
0 0.93 310 437 9 12
2 1.0 891 472 10 14
9 1.0 900 472 11 14
9 1.0 834 473 12 15
  1.0 845 473 8 14
9 1.0 853 473 11 14
2 1.0 825 474 11 14
6 0.99 877 474 8 12
4 1.0 351 479 11 14
6 1.0 360 479 11 14
7 1.0 343 479 10 14
6 1.0 379 479 10 14
0 1.0 307 479 10 14
1 1.0 327 479 7 14
4 1.0 333 479 10 14
8 1.0 370 479 10 14
0 1.0 316 480 11 14
6 1.0 196 590 9 22
1 0.99 553 591 8 15
1 1.0 305 593 7 15
1 1.0 296 594 7 14
0 1.0 313 594 9 14
0 1.0 322 594 9 14
1 1.0 170 594 8 14
0 1.0 215 594 9 15
9 1.0 179 594 11 18
8 1.0 224 595 9 15
0 1.0 233 595 9 15
1 1.0 123 595 7 15
5 1.0 130 595 13 17
0 0.99 187 595 9 15
0 1.0 205 595 10 15
7 1.0 140 596 8 14
4 1.0 552 627 10 14
0 1.0 312 629 10 14
8 1.0 223 629 9 15
1 1.0 296 629 8 14
1 1.0 305 629 7 14
0 0.99 322 629 9 14
0 1.0 187 630 10 14
6 1.0 195 630 10 14
0 1.0 205 630 9 14
0 0.94 214 630 10 14
0 1.0 232 630 10 14
1 1.0 170 630 8 14
9 1.0 179 631 9 14
7 1.0 140 631 9 14
5 1.0 131 632 9 14
1 1.0 123 632 7 14
4 1.0 552 661 10 15
0 1.0 313 664 9 14
0 1.0 322 664 9 14
1 1.0 306 664 6 14
0 0.97 215 664 9 15
8 1.0 224 664 9 15
1 1.0 296 664 8 15
0 0.99 187 665 10 14
6 1.0 197 665 9 14
0 1.0 232 665 10 14
1 1.0 172 665 6 14
0 1.0 206 666 9 14
9 1.0 180 666 9 14
7 1.0 141 666 9 14
1 1.0 123 667 8 14
5 1.0 131 667 10 14
0 1.0 208 696 8 17
5 1.0 131 698 10 15
7 1.0 140 698 10 15
9 1.0 178 698 13 15
0 1.0 214 698 10 15
0 1.0 313 699 12 14
8 1.0 224 699 8 14
0 1.0 232 699 14 14
1 1.0 306 699 7 14
0 1.0 322 699 12 14
6 1.0 196 700 12 13
0 1.0 187 701 10 13
1 1.0 297 701 6 13
1 1.0 124 701 6 13
1 1.0 171 701 7 13
1 0.96 555 731 8 14
1 1.0 297 733 8 14
1 1.0 172 733 7 14
6 1.0 197 733 10 15
8 1.0 224 733 10 14
0 1.0 234 733 8 14
1 1.0 306 733 7 14
5 1.0 132 734 9 14
7 1.0 141 735 9 13
1 1.0 125 736 6 13
0 0.88 829 874 17 22
  0.97 846 874 14 21
1 1.0 87 1048 6 11
2 1.0 86 1066 9 11
0 0.99 466 1133 9 9
  0.56 442 1133 4 11
  0.52 158 1151 9 17
0 0.99 473 1196 8 14
  0.93 711 1216 14 23
  0.78 581 1244 11 28
  0.83 413 1253 16 31
\\ 0.76 979 1 23 16
, 0.83 340 23 10 14
) 1.0 730 34 8 32
( 0.99 530 35 11 32
. 0.99 558 38 8 26
\\ 0.76 302 41 7 21
) 0.6 202 59 27 24
\\ 0.99 799 66 11 26
\\ 0.97 906 72 8 19
\\ 0.92 914 72 7 19
) 1.0 684 73 9 23
% 0.95 839 73 12 20
\\ 0.81 809 74 5 19
( 1.0 538 75 9 25
) 0.92 804 93 8 19
( 0.98 758 93 6 17
/ 1.0 506 106 9 17
# 0.81 426 111 14 16
; 0.92 783 121 4 9
※ 0.67 748 135 9 22
) 1.0 792 138 5 18
. 0.94 788 139 4 14
( 1.0 759 140 6 15
[ 0.94 558 168 9 19
* 0.9 371 176 6 13
} 0.75 50 178 19 14
_ 0.69 38 186 19 35
\\ 0.58 556 197 15 17
^ 0.6 823 198 14 12
, 0.9 400 200 5 13
, 0.52 398 202 4 11
* 0.99 436 202 5 9
_ 0.88 37 214 21 36
, 0.99 526 220 6 13
# 0.97 154 221 12 15
) 1.0 200 221 7 16
, 0.99 350 221 5 13
( 1.0 137 223 9 15
: 1.0 217 225 4 9
> 0.53 65 226 13 13
_ 0.97 37 230 20 38
, 1.0 358 242 6 15
, 1.0 420 242 6 14
~ 1.0 727 263 6 11
- 1.0 704 263 6 13
& 0.53 819 263 13 12
_ 0.52 343 266 13 35
) 0.99 194 267 7 17
) 1.0 260 267 6 16
( 1.0 165 267 6 17
( 1.0 229 267 6 17
( 0.78 295 268 6 12
~ 0.63 201 270 11 13
, 0.89 218 272 3 8
\\ 1.0 229 277 6 32
) 1.0 260 289 5 17
, 0.51 296 289 5 10
: 0.71 218 294 5 11
_ 0.57 38 304 20 28
) 1.0 286 343 7 15
( 1.0 215 344 8 16
: 1.0 304 348 4 8
\\ 0.65 365 356 5 14
- 1.0 429 357 7 13
- 1.0 467 358 7 11
, 0.99 547 359 5 13
_ 0.52 31 363 18 31
) 1.0 206 367 6 15
( 1.0 145 367 8 15
& 0.95 162 367 12 14
& 0.95 170 367 12 13
; 0.6 303 370 6 10
, 1.0 734 377 5 15
, 1.0 797 377 5 15
, 0.98 622 379 6 15
_ 0.99 31 381 18 30
~ 0.99 425 382 7 10
( 1.0 178 389 7 13
) 0.99 205 389 9 15
. 0.96 371 433 5 15
. 0.94 542 434 4 11
@ 0.96 868 472 12 15
- 0.83 886 474 7 12
# 0.89 676 475 12 14
= 0.54 909 475 6 11
= 0.99 862 476 6 10
@ 0.98 298 479 11 15
@ 0.97 157 490 10 15
. 0.99 167 493 5 12
/ 1.0 141 514 9 16
\\ 0.82 185 514 5 14
" 0.88 455 519 13 16
~ 0.97 280 595 7 15
) 0.99 572 623 19 19
( 0.79 204 629 4 15
* 1.0 280 629 6 15
^ 1.0 571 647 20 19
_ 0.78 15 652 20 25
^ 1.0 281 666 6 15
^ 1.0 570 684 22 19
. 0.99 282 693 5 20
* 0.59 198 731 9 7
% 0.95 179 734 11 14
~ 1.0 282 735 6 12
/ 0.91 781 874 14 21
: 0.99 739 891 4 10
: 0.98 145 1032 4 9
. 0.99 506 1045 5 11
\\ 0.61 104 1046 3 14
/ 0.98 94 1047 6 12
. 0.89 783 1061 4 13
, 0.96 698 1061 5 15
/ 0.97 94 1065 7 12
& 1.0 144 1083 10 11
% 0.58 399 1111 13 10
※ 0.51 695 1128 7 16
@ 0.5 680 1132 18 13
_ 0.75 266 1137 18 14
& 0.94 778 1158 25 28
# 0.94 802 1159 20 22
/ 0.99 316 1168 21 25
/ 0.61 271 1169 15 21
" 0.78 281 1173 9 21
^ 0.99 468 1175 12 18
※ 0.52 458 1175 7 14
/ 1.0 615 1176 17 24
) 1.0 233 1184 6 18
( 0.99 94 1186 7 18
_ 0.89 760 1189 8 12
~ 1.0 721 1192 10 11
" 0.5 708 1192 15 25
\\ 0.67 440 1193 9 25
^ 0.87 707 1194 6 24
\\ 0.97 443 1200 15 39
/ 0.98 297 1202 23 34
> 1.0 749 1205 15 18
/ 0.61 277 1206 12 12
/ 0.97 298 1215 11 21
] 0.99 565 1237 18 29
] 0.75 306 1238 24 34
\\ 0.66 240 1257 13 33
. 0.72 182 1262 13 21
' 0.51 180 1269 13 10
