ỹ 0.67 714 102 50 148
ỵ 1.0 760 117 130 131
Ư 0.99 1129 119 126 133
Ẩ 1.0 454 313 71 94
À 1.0 1998 315 74 98
Ù 1.0 2221 326 33 90
Ỷ 1.0 2546 330 65 91
Ù 1.0 2702 330 32 88
Đ 1.0 198 336 68 75
Đ 1.0 2634 348 69 72
Đ 1.0 200 445 67 72
À 1.0 398 711 43 73
Ừ 1.0 292 715 49 69
Ừ 1.0 2046 715 47 65
À 1.0 269 831 44 71
Ư 1.0 274 936 52 80
Ư 1.0 2033 936 47 80
Ư 0.55 2343 941 23 67
Ậ 1.0 472 1062 43 72
Ế 1.0 1529 1283 54 100
Ú 1.0 1875 1289 32 88
Ổ 1.0 2679 1517 50 76
Ử 0.99 2864 1517 31 78
Â 1.0 2886 1524 43 69
Ầ 1.0 718 1526 54 81
Ể 1.0 508 1528 46 77
ă 1.0 2066 1528 41 69
Ừ 1.0 1836 1531 51 71
Ư 1.0 1885 1543 51 57
Ý 1.0 513 1643 43 70
Ố 1.0 1015 1643 51 75
Ũ 1.0 1405 1645 50 79
Ú 1.0 748 1646 49 70
á 1.0 908 1646 43 70
Ứ 1.0 1207 1654 50 71
Ư 1.0 1160 1662 50 59
É 1.0 877 1877 43 71
Ý 1.0 518 1879 46 72
À 1.0 780 1879 45 72
Ầ 1.0 1262 1990 49 80
â 1.0 941 2002 44 68
Ý 1.0 523 2003 41 69
â 1.0 579 2114 42 69
Ư 0.63 90 2243 160 126
Ổ 1.0 310 2340 52 84
Ề 1.0 525 2344 47 76
Ư 0.84 100 2355 148 116
Ú 0.77 93 2440 167 120
ả 1.0 339 2462 50 77
ự 1.0 487 2487 38 72
Ẳ 1.0 2015 2784 41 75
Ở 1.0 1728 2792 49 77
Ở 1.0 1774 2795 44 71
Ù 0.97 1638 2797 24 70
É 1.0 1372 2803 41 72
Ă 1.0 884 2813 44 72
ắ 1.0 289 2815 45 87
Ư 1.0 1208 2818 51 57
Ơ 1.0 1255 2819 47 55
Ứ 0.99 734 2823 25 69
Ữ 1.0 541 2825 54 70
ứ 1.0 1844 3118 46 71
Ớ 1.0 1295 3131 53 72
Ừ 1.0 1449 3144 59 56
ỷ 1.0 1592 3236 59 90
ụ 1.0 1741 3252 54 73
ự 1.0 1423 3266 51 67
S 1.0 648 119 114 124
P 1.0 895 121 107 124
c 0.99 1386 121 90 122
R 1.0 1264 123 120 121
P 1.0 1014 124 105 126
S 1.0 1569 126 117 134
S 1.0 1807 126 112 134
U 1.0 1693 129 107 131
H 1.0 1931 131 105 129
C 1.0 2143 131 119 133
U 0.99 2374 136 109 126
L 1.0 2271 138 100 124
B 1.0 2500 138 107 122
T 1.0 400 333 62 72
N 1.0 533 333 55 72
G 1.0 600 333 69 72
O 1.0 907 333 72 74
L 1.0 986 333 50 72
c 1.0 270 334 68 79
L 1.0 1043 334 54 71
D 1.0 841 336 64 74
H 1.0 1164 336 55 69
P 1.0 1350 336 55 71
A 1.0 1464 336 69 71
P 1.0 1100 338 56 70
l 1.0 1228 338 24 69
N 1.0 1257 338 56 72
L 1.0 1413 338 53 70
A 1.0 1593 338 69 72
z 1.0 1530 339 65 69
T 1.0 1875 339 59 72
N 1.0 2071 340 58 74
r 0.92 2470 341 22 70
R 1.0 1940 343 62 69
B 1.0 2164 343 61 72
N 1.0 2256 344 55 69
H 1.0 2321 344 58 71
M 1.0 2472 346 69 74
N 1.0 2736 348 56 72
H 1.0 2800 349 57 72
H 1.0 2948 349 54 71
N 1.0 3011 352 58 71
T 1.0 277 436 57 89
i 1.0 269 713 23 71
i 0.98 2023 713 25 69
G 1.0 1974 714 45 69
G 1.0 218 716 48 68
v 1.0 357 731 41 53
o 1.0 443 731 45 52
r 1.0 2115 731 24 51
a 1.0 2143 731 37 51
P 1.0 481 824 48 71
V 1.0 400 826 54 74
l 0.52 1972 828 21 65
l 0.99 454 831 23 67
S 1.0 2797 831 46 69
B 1.0 221 833 46 69
K 1.0 2846 833 49 65
n 1.0 2000 843 36 50
n 1.0 315 849 39 51
V 1.0 2293 934 51 81
B 1.0 2087 938 43 70
S 1.0 2224 938 47 74
H 1.0 1980 939 45 68
P 1.0 2370 939 45 68
S 1.0 2176 940 45 72
H 1.0 213 944 76 66
U 0.94 277 984 54 32
T 0.81 477 984 23 26
v 0.69 2025 984 60 26
v 0.86 2079 984 57 27
v 0.52 2177 984 56 27
v 0.75 2221 984 56 29
v 0.78 2580 984 40 26
U 0.96 2852 984 35 29
k 1.0 607 1057 42 73
h 1.0 269 1059 39 74
t 1.0 690 1064 29 67
T 1.0 220 1069 46 67
0 1.0 721 1076 46 55
a 1.0 771 1076 39 55
n 1.0 817 1076 38 53
u 1.0 315 1080 37 54
n 1.0 380 1080 41 53
n 1.0 518 1080 39 51
e 1.0 646 1080 41 51
g 1.0 425 1082 42 72
M 1.0 1748 1307 60 72
A 1.0 1692 1308 54 74
T 1.0 1830 1308 47 74
N 1.0 1903 1308 48 72
H 1.0 1956 1308 44 72
P 1.0 1402 1310 49 69
H 1.0 1452 1310 55 70
l 1.0 1507 1310 21 70
U 1.0 1577 1310 51 70
T 1.0 1646 1310 47 70
T 1.0 344 1526 53 72
h 1.0 670 1526 46 74
i 1.0 2043 1526 23 71
C 1.0 2377 1526 48 69
K 1.0 2428 1526 49 69
T 1.0 2634 1526 43 67
T 1.0 297 1528 51 70
L 1.0 1657 1528 43 69
S 1.0 1608 1530 48 67
S 1.0 251 1531 51 69
t 1.0 2834 1531 32 61
S 1.0 457 1533 51 69
g 1.0 2772 1541 43 70
n 1.0 2726 1543 41 52
n 1.0 2931 1543 40 47
n 1.0 1934 1549 40 51
g 1.0 1997 1549 44 72
n 1.0 555 1550 45 55
p 1.0 625 1551 44 72
m 1.0 767 1551 64 54
S 1.0 461 1641 50 72
h 1.0 975 1644 41 71
i 0.99 1066 1646 23 69
t 1.0 555 1650 31 67
t 1.0 1450 1655 29 66
m 1.0 679 1662 67 58
n 1.0 798 1666 43 52
c 1.0 866 1666 45 54
n 1.0 1113 1666 39 54
n 1.0 1256 1667 39 53
g 1.0 1300 1667 41 72
S 1.0 1367 1667 36 53
i 0.91 569 1762 23 71
t 1.0 462 1774 35 67
r 1.0 541 1782 29 54
e 1.0 497 1784 39 54
S 1.0 467 1879 51 72
t 1.0 561 1884 32 65
g 1.0 733 1893 44 74
r 1.0 849 1898 28 51
n 1.0 925 1900 41 51
k 1.0 1205 1990 43 76
k 1.0 1049 1992 43 74
h 1.0 1092 1992 41 74
k 1.0 689 1993 45 74
i 0.98 869 1993 23 69
i 0.94 1244 1993 22 69
h 1.0 733 2000 41 72
S 1.0 470 2003 53 69
t 1.0 910 2007 31 62
t 1.0 564 2010 31 64
u 1.0 1310 2014 38 53
y 1.0 984 2016 46 71
o 1.0 1136 2016 41 51
o 0.98 779 2017 42 52
a 1.0 826 2018 40 51
h 1.0 533 2110 41 74
N 1.0 475 2120 50 73
t 1.0 621 2125 33 64
r 0.66 529 2148 26 42
0 1.0 2293 2207 38 72
l 0.97 614 2224 26 78
l 0.99 1125 2225 24 72
b 1.0 1082 2226 43 74
B 1.0 475 2230 50 70
a 1.0 1300 2238 39 52
l 0.95 528 2239 20 63
p 1.0 1343 2239 42 72
p 1.0 890 2241 44 74
r 1.0 985 2241 28 52
u 1.0 1151 2241 39 52
e 1.0 1197 2241 37 51
C 1.0 1259 2241 39 51
O 0.93 936 2243 45 52
o 1.0 1013 2243 41 50
O 1.0 638 2245 43 57
a 1.0 798 2246 40 51
n 1.0 686 2248 43 52
S 1.0 754 2248 41 52
p 1.0 843 2248 44 73
a 1.0 551 2249 42 53
0 0.98 2993 2312 40 71
T 1.0 266 2356 45 69
t 1.0 474 2359 36 66
l 0.95 507 2361 23 65
g 1.0 407 2367 47 71
n 1.0 576 2367 41 54
n 1.0 362 2369 43 55
U 1.0 2998 2459 38 38
U 1.0 3087 2459 38 38
h 1.0 434 2466 50 73
T 1.0 262 2470 48 71
t 1.0 403 2474 36 65
c 1.0 536 2483 45 55
r 1.0 310 2487 33 54
l 0.8 179 2507 31 207
D 1.0 367 2585 53 72
U 1.0 264 2587 52 72
S 1.0 316 2587 53 70
h 1.0 1969 2785 44 76
h 1.0 1598 2795 40 74
i 0.84 1298 2798 25 74
t 1.0 1343 2805 29 65
b 1.0 1025 2807 39 75
n 1.0 2061 2810 41 52
q 1.0 1866 2811 41 68
c 1.0 1931 2811 39 51
q 1.0 1551 2813 41 69
n 1.0 1666 2813 37 53
n 1.0 1823 2813 36 51
h 1.0 687 2818 43 77
n 1.0 1508 2818 36 51
m 1.0 1418 2820 61 54
h 1.0 492 2821 44 76
C 1.0 633 2823 49 70
t 1.0 821 2825 31 65
m 1.0 1138 2825 62 55
B 1.0 238 2828 46 69
a 1.0 1070 2830 40 52
m 1.0 931 2831 66 58
r 1.0 856 2834 28 55
n 1.0 757 2838 41 52
C 1.0 451 2844 39 53
n 1.0 336 2848 39 50
g 1.0 382 2848 43 70
h 1.0 1933 3113 56 76
p 0.86 1657 3119 60 98
k 1.0 1741 3120 57 73
h 1.0 1789 3120 42 70
C 1.0 1234 3133 68 70
n 0.91 1811 3136 32 54
c 1.0 1893 3141 41 48
u 1.0 1628 3144 42 48
q 1.0 1575 3146 51 69
n 1.0 1500 3148 48 47
m 1.0 1346 3151 75 54
i 1.0 1786 3233 40 74
l 1.0 1715 3234 33 74
H 1.0 1341 3243 93 77
p 1.0 1633 3257 57 74
n 1.0 1471 3262 53 50
g 1.0 1538 3262 59 72
  0.93 2048 126 40 122
1 1.0 707 331 29 71
2 1.0 1746 339 49 69
8 1.0 1798 343 50 68
6 1.0 877 415 44 110
9 1.0 443 428 68 83
0 1.0 395 431 67 77
5 1.0 605 431 62 76
3 1.0 713 431 57 77
2 1.0 816 433 51 88
0 1.0 766 438 47 82
1 1.0 556 439 33 76
5 1.0 661 439 47 79
4 1.0 495 445 55 74
7 1.0 793 708 45 69
3 1.0 1031 708 41 69
2 1.0 1098 710 45 67
2 1.0 531 711 44 69
9 1.0 672 711 46 68
3 1.0 867 711 43 69
1 1.0 984 711 36 68
3 1.0 1146 711 43 68
3 1.0 1213 711 44 69
1 1.0 1262 711 35 69
0 0.99 577 713 44 67
1 1.0 628 713 28 67
0 0.99 750 714 36 67
0 0.98 914 714 46 69
0 1.0 2269 714 43 72
0 1.0 2595 714 41 72
2 1.0 2223 715 44 67
9 1.0 2362 715 43 69
7 1.0 2477 715 41 69
1 0.98 2320 716 29 64
0 1.0 2433 716 41 66
1 0.99 2662 717 31 76
0 1.0 2767 717 45 76
3 1.0 2548 718 42 69
0 1.0 2817 719 35 74
5 1.0 2881 721 38 72
4 1.0 2703 723 45 67
3 1.0 2923 725 41 67
1 0.99 2086 824 26 74
0 1.0 531 826 44 71
3 1.0 575 828 46 69
0 1.0 2933 831 41 71
  0.52 2762 885 76 131
0 1.0 2585 923 35 93
0 1.0 774 925 41 88
5 1.0 852 926 78 79
3 1.0 3056 926 37 90
2 1.0 2534 930 53 75
7 1.0 605 933 54 70
3 1.0 652 933 53 74
0 1.0 559 934 49 73
3 1.0 2467 934 46 74
0 1.0 3016 934 32 82
3 1.0 2810 936 47 74
0 1.0 2857 936 48 77
9 1.0 513 938 44 69
1 1.0 819 938 38 74
2 1.0 370 939 56 71
0 1.0 700 939 49 69
9 1.0 2670 939 55 71
1 1.0 2626 940 31 72
7 1.0 2760 940 42 74
0 1.0 2715 941 49 75
0 1.0 416 943 53 70
1 1.0 464 943 34 69
0 1.0 2415 943 51 65
0 1.0 2914 943 46 71
0 1.0 2962 946 38 70
0 1.0 3069 1629 41 71
5 1.0 2915 1631 42 71
0 0.99 2977 1633 41 69
0 1.0 3023 1633 41 69
4 1.0 2823 1634 43 66
9 1.0 2867 1634 44 71
0 0.99 2195 1638 41 72
0 1.0 2240 1638 41 72
0 0.86 2285 1639 43 71
9 1.0 2085 1643 45 70
9 1.0 2133 1643 42 68
1 0.69 256 1644 31 72
5 1.0 1748 1645 40 72
4 1.0 607 1648 49 70
1 0.95 721 1660 31 61
0 1.0 3031 1857 41 68
9 1.0 2920 1861 42 69
0 1.0 2985 1861 41 67
0 1.0 3074 1861 42 67
9 1.0 2876 1864 41 69
0 1.0 2240 1867 43 71
0 0.89 2286 1867 43 71
0 0.99 2195 1870 43 69
1 1.0 1767 1874 33 71
9 1.0 2089 1874 41 65
9 1.0 2133 1875 44 69
2 1.0 257 1880 48 74
1 1.0 617 1881 33 71
0 1.0 664 1881 46 71
9 1.0 2877 1974 43 69
9 1.0 2923 1974 43 69
0 1.0 3033 1974 41 67
0 1.0 3077 1974 43 65
0 0.99 2986 1976 38 69
0 1.0 2243 1980 42 69
9 1.0 2134 1982 41 67
0 1.0 2198 1982 40 67
0 1.0 2289 1982 41 69
9 1.0 2089 1989 41 67
1 1.0 1769 1990 33 67
3 1.0 261 1998 46 71
9 1.0 618 2002 48 70
0 0.99 3080 2200 41 69
2 1.0 2836 2202 41 68
4 1.0 2880 2202 43 67
5 1.0 2928 2202 41 68
0 0.96 2990 2202 40 65
0 1.0 3036 2202 39 68
0 1.0 2203 2205 41 70
0 1.0 2248 2210 41 67
5 1.0 2139 2211 41 71
3 1.0 2092 2213 41 66
7 1.0 1755 2214 40 72
4 1.0 264 2230 47 68
0 0.98 3083 2312 41 71
0 0.99 3038 2314 41 69
9 1.0 2838 2316 44 69
8 1.0 2928 2316 44 71
3 1.0 2882 2318 43 67
0 1.0 2993 2420 58 72
8 1.0 2928 2426 44 66
0 1.0 3039 2426 46 66
0 1.0 3085 2426 58 66
9 1.0 2838 2429 43 71
3 1.0 2883 2429 43 69
5 1.0 3086 2540 43 72
4 1.0 3039 2546 45 69
0 1.0 639 2575 48 74
1 1.0 526 2579 30 69
0 1.0 689 2579 47 72
0 1.0 592 2580 47 72
2 1.0 470 2585 53 72
) 0.98 1477 141 39 111
- 1.0 780 344 33 66
- 0.99 2410 350 33 76
: 0.99 348 352 18 51
- 1.0 1690 352 30 66
* 1.0 2889 361 31 75
: 0.84 339 461 20 57
~ 0.54 1217 640 52 122
- 1.0 839 720 28 55
- 1.0 718 723 26 56
- 0.99 2521 723 27 59
: 1.0 1079 725 18 54
: 0.99 1193 725 18 54
. 0.76 490 728 17 57
- 1.0 2405 728 26 57
: 0.95 2185 731 17 51
: 0.97 2751 736 15 54
: 0.8 2044 836 17 57
: 0.99 362 849 18 51
\\ 0.51 2149 925 26 91
\\ 0.72 2174 938 16 74
. 0.83 2275 949 15 62
. 0.99 749 951 17 57
: 0.58 2136 954 20 56
: 0.97 328 961 15 52
※ 0.61 140 1069 79 81
. 0.91 566 1080 16 50
\\ 0.61 219 1514 31 96
) 1.0 2561 1521 32 94
( 1.0 2475 1525 32 93
% 1.0 2505 1525 56 68
, 0.99 2957 1649 20 64
, 0.96 2171 1650 27 79
, 1.0 2962 1870 18 66
, 0.98 2175 1892 20 67
, 0.99 2969 1997 13 55
, 0.99 2177 2005 20 61
, 0.79 2972 2218 15 64
, 0.95 2182 2226 20 67
, 0.77 2974 2331 16 66
, 0.84 2974 2459 19 54
) 1.0 731 2574 35 98
( 1.0 443 2580 34 97
, 1.0 569 2597 23 77
* 0.56 1540 2760 48 145
\\ 0.84 2148 2792 24 77
. 0.96 593 2843 17 52
! 1.0 1990 3119 34 74
! 1.0 1821 3234 36 74
