À 1.0 1682 184 20 30
À 1.0 1659 238 19 31
ố 1.0 1657 296 22 37
À 0.56 1758 338 26 62
ố 1.0 1657 370 21 38
ố 1.0 1656 440 21 38
Á 1.0 1739 445 24 31
Ớ 1.0 1081 471 45 57
É 1.0 940 476 41 56
Đ 1.0 1043 487 40 43
Ợ 0.99 1442 492 18 56
Ỵ 0.85 1443 522 14 27
ố 1.0 1099 564 25 42
ă 1.0 283 692 27 34
Đ 1.0 231 761 47 39
Ợ 0.93 272 762 17 42
Ử 0.99 371 764 15 35
ầ 1.0 769 765 29 45
ấ 1.0 877 765 31 35
ề 1.0 655 766 33 34
Ộ 1.0 1068 783 24 39
â 1.0 997 785 27 33
É 1.0 291 862 28 36
À 1.0 405 866 26 34
Ở 1.0 1857 880 31 41
Ờ 1.0 1772 889 30 36
Ẻ 1.0 374 937 27 34
Ử 1.0 1843 960 27 37
Ổ 0.98 1815 962 30 37
Ờ 1.0 1773 963 30 37
Ề 1.0 254 991 24 36
À 1.0 350 995 27 34
Ủ 1.0 2076 1004 32 45
Đ 1.0 1322 1019 45 42
Ă 1.0 1857 1020 32 40
ù 1.0 1701 1021 43 40
Ơ 1.0 1734 1028 47 31
Ơ 1.0 347 1067 29 25
Ư 1.0 320 1068 27 24
Ờ 1.0 390 1124 24 33
Ờ 1.0 474 1128 24 30
è 1.0 387 1188 25 30
è 1.0 471 1189 25 31
Ú 0.99 630 1194 13 30
Ù 0.95 414 1314 14 38
Ừ 1.0 468 1316 28 32
Ơ 1.0 346 1319 30 27
Ư 1.0 318 1320 29 25
Ự 1.0 1343 1343 22 30
Ă 1.0 254 1375 24 32
ạ 1.0 321 1383 25 31
ả 1.0 1341 1398 22 32
À 1.0 233 1430 32 45
À 1.0 330 1443 33 34
Đ 1.0 2133 1474 37 35
Ề 1.0 227 1498 30 45
Ế 1.0 359 1502 30 44
Đ 1.0 2132 1539 61 44
Ủ 1.0 209 1571 32 45
Á 1.0 503 1584 26 37
Đ 1.0 2142 1615 37 39
Ằ 1.0 544 1649 34 46
É 1.0 452 1656 32 38
Đ 1.0 2143 1689 37 38
ý 1.0 325 1772 36 48
Ả 1.0 245 1773 29 38
Á 1.0 420 1776 29 38
Ý 1.0 531 1777 28 38
Â 1.0 1015 1789 26 36
ự 1.0 1416 1802 26 40
ự 1.0 1513 1802 25 41
Á 1.0 1935 1804 29 40
à 1.0 2064 1806 27 40
í 0.51 380 2250 16 141
Ứ 1.0 197 2464 28 34
Ặ 1.0 155 2465 25 34
Ả 1.0 751 2465 24 38
Ả 1.0 998 2470 25 39
Ổ 1.0 1071 2470 26 39
Ú 1.0 846 2474 18 31
À 1.0 887 2474 22 32
Ổ 1.0 1051 2474 28 33
Ử 1.0 1130 2474 29 35
ự 1.0 298 2475 25 28
Ể 1.0 1288 2476 21 38
Ư 1.0 1267 2482 25 31
ự 1.0 1184 2484 21 30
ậ 1.0 1330 2484 21 39
Ở 1.0 1428 2485 27 35
ỵ 1.0 1405 2492 27 27
À 1.0 1762 2492 21 40
Ã 1.0 1583 2494 24 34
Ổ 0.99 1565 2495 25 32
Ẽ 1.0 1625 2496 28 34
Ư 1.0 1507 2497 25 26
ỹ 1.0 1647 2497 22 40
Ậ 1.0 1845 2504 22 39
À 1.0 260 2508 29 40
À 1.0 1969 2508 23 33
ạ 1.0 1907 2511 28 32
Ớ 1.0 140 2515 27 33
ạ 1.0 317 2523 24 32
ỹ 0.69 531 2530 8 28
À 1.0 170 2557 27 40
Ặ 1.0 783 2563 20 40
Ô 1.0 291 2564 31 33
Ớ 1.0 236 2565 26 32
ă 1.0 382 2565 25 32
Ứ 0.99 466 2565 18 34
ù 0.99 738 2570 15 32
Ơ 1.0 315 2571 27 26
Ứ 1.0 852 2571 25 33
Ử 0.92 1007 2572 14 36
Ấ 1.0 646 2575 22 26
ằ 1.0 166 2610 28 37
Ứ 1.0 330 2614 27 34
Ô 1.0 385 2614 31 34
Á 1.0 506 2614 24 34
á 1.0 1116 2615 25 40
Ả 1.0 588 2616 26 34
Ả 1.0 722 2617 24 33
À 1.0 816 2618 24 33
Ơ 1.0 408 2620 29 28
Ử 1.0 930 2624 25 33
Ử 1.0 1200 2626 23 35
Ẻ 1.0 1336 2630 20 36
Ừ 0.59 1283 2631 13 32
Õ 1.0 1398 2636 29 34
Ộ 0.98 1417 2636 17 40
Ử 0.99 1503 2638 14 34
ú 1.0 1617 2638 24 41
Á 1.0 1705 2642 24 39
Ả 1.0 1565 2644 26 34
2 1.0 2112 150 24 30
N 1.0 1631 184 27 30
g 1.0 1659 192 22 31
y 1.0 1702 192 23 31
B 1.0 2108 203 30 32
B 1.0 1632 239 24 30
n 1.0 1681 246 19 23
B 1.0 2108 270 30 33
O 1.0 1690 303 31 31
d 1.0 1735 303 23 30
S 1.0 1631 304 24 31
r 1.0 1781 306 16 25
e 1.0 1758 308 22 24
r 1.0 1723 310 14 23
8 1.0 2069 352 23 30
k 1.0 1784 372 25 32
h 1.0 1720 376 21 29
C 1.0 1690 377 28 30
s 1.0 1630 378 25 30
e 1.0 1742 382 22 24
c 1.0 1764 382 22 23
3 1.0 2139 418 26 32
h 1.0 1783 443 23 31
s 1.0 1630 446 25 33
h 1.0 1717 446 21 29
K 1.0 1690 448 29 29
c 1.0 1762 450 23 26
N 1.0 1129 480 40 46
G 1.0 1169 480 47 51
H 1.0 883 484 38 46
P 1.0 841 486 39 44
l 1.0 924 486 16 44
G 1.0 1230 486 48 48
U 1.0 983 487 37 45
l 0.99 1279 488 15 43
O 1.0 1336 488 45 46
A 1.0 1292 489 46 45
D 1.0 1401 491 39 44
C 1.0 1460 493 43 45
H 1.0 1507 493 33 46
v 0.88 1402 522 34 15
u 0.95 1169 566 27 40
B 1.0 1137 569 27 35
i 0.99 1164 570 12 33
s 1.0 1070 573 29 34
C 1.0 251 626 33 35
O 1.0 481 632 35 34
G 1.0 516 632 33 34
t 0.99 405 633 18 32
G 1.0 446 633 34 35
H 1.0 577 634 30 34
O 1.0 609 634 35 36
o 1.0 284 635 25 27
n 1.0 309 635 23 27
U 1.0 644 635 31 35
l 0.99 551 636 11 32
S 1.0 677 636 28 34
c 1.0 333 637 25 26
e 1.0 357 637 25 26
E 1.0 709 638 27 33
p 1.0 383 639 25 34
M 1.0 248 690 36 36
N 1.0 322 692 33 35
H 1.0 356 692 30 36
9 1.0 2112 694 27 36
G 1.0 598 695 38 37
O 1.0 530 696 34 34
G 1.0 563 696 36 37
H 1.0 465 697 30 33
N 1.0 497 697 31 33
l 0.98 1860 709 14 35
T 1.0 1804 710 33 37
e 1.0 1835 719 26 26
h 1.0 349 765 23 31
T 1.0 495 769 31 33
Y 1.0 628 770 33 36
a 1.0 286 771 24 25
c 1.0 324 772 25 27
  1.0 729 772 52 28
  0.98 960 773 53 27
n 1.0 2141 774 27 30
n 1.0 565 776 25 26
v 1.0 2116 776 25 29
u 1.0 541 777 23 23
r 1.0 525 778 18 21
G 1.0 834 778 34 34
m 1.0 2065 778 36 27
n 1.0 686 781 23 25
r 0.96 348 783 10 17
u 0.99 364 783 18 17
l 0.95 418 783 11 18
g 1.0 590 783 25 29
e 1.0 661 783 24 23
C 1.0 739 783 29 27
i 0.98 868 783 9 30
H 1.0 968 783 29 31
V 1.0 1043 783 25 31
i 1.0 1092 783 11 30
i 0.99 1987 783 10 28
c 1.0 2012 783 25 27
o 1.0 2036 783 27 26
o 1.0 1933 784 27 29
g 1.0 1959 785 28 36
u 1.0 798 786 21 26
g 1.0 1905 786 28 37
w 1.0 1856 788 40 33
y 1.0 903 790 24 33
w 1.0 1665 790 52 37
b 1.0 1741 790 27 34
w 1.0 1791 793 40 30
w 1.0 1826 793 36 24
e 1.0 1715 798 25 26
K 1.0 237 859 33 37
h 1.0 268 861 23 34
h 1.0 343 866 23 33
h 1.0 381 866 24 33
c 1.0 318 871 25 27
g 1.0 456 874 26 36
n 1.0 432 875 24 26
G 1.0 1726 888 34 36
i 0.98 1761 890 12 33
m 1.0 1818 894 37 28
i 0.99 231 939 27 29
n 1.0 260 941 24 28
c 1.0 619 943 34 37
u 1.0 285 944 24 26
n 1.0 324 945 24 25
g 1.0 348 945 26 35
n 1.0 403 947 21 24
T 1.0 742 949 28 34
h 1.0 772 950 22 34
L 1.0 858 952 25 34
i 0.97 882 952 11 36
o 1.0 652 953 25 27
n 1.0 680 955 22 25
h 1.0 919 956 23 34
g 1.0 703 957 24 33
u 1.0 798 960 22 28
y 1.0 821 963 23 34
n 1.0 895 963 20 24
i 0.97 1762 963 11 35
G 1.0 1726 964 34 37
g 1.0 1896 967 27 36
n 1.0 1871 968 25 28
T 1.0 227 990 30 38
h 1.0 323 994 27 34
n 1.0 283 1002 23 26
g 1.0 403 1003 29 36
g 1.0 2137 1003 29 58
n 1.0 377 1004 26 26
v 1.0 1353 1015 45 41
T 1.0 2046 1015 30 35
L 1.0 1616 1018 48 42
i 0.97 1844 1020 12 34
s 1.0 1573 1021 40 40
T 0.99 1389 1022 27 36
n 1.0 2108 1022 27 28
n 1.0 1774 1032 26 27
g 1.0 1817 1043 24 24
l 0.81 1845 1043 12 15
i 0.99 250 1057 12 33
B 1.0 224 1058 26 32
T 1.0 292 1059 31 33
i 0.88 374 1063 11 31
z 1.0 393 1063 28 30
k 1.0 479 1064 23 30
a 1.0 260 1066 22 25
a 1.0 420 1069 22 25
m 1.0 444 1070 33 24
y 1.0 499 1071 22 33
l 0.99 1324 1089 11 30
y 1.0 1333 1095 22 31
c 1.0 220 1121 30 33
b 1.0 308 1123 23 31
x 1.0 363 1124 30 33
x 1.0 446 1125 31 32
m 1.0 274 1129 31 27
l 0.67 532 1129 7 28
P 1.0 533 1129 29 31
o 1.0 250 1130 21 23
i 1.0 633 1131 12 32
o 0.98 415 1133 21 24
o 0.98 332 1134 18 16
o 0.99 498 1134 22 24
9 1.0 759 1136 22 33
r 1.0 563 1137 14 24
m 1.0 599 1137 32 26
e 1.0 574 1138 26 24
K 1.0 783 1138 28 32
m 1.0 667 1140 32 25
u 1.0 644 1141 21 22
0 0.97 2097 1148 25 32
s 1.0 1323 1150 27 32
t 1.0 1371 1152 15 30
e 1.0 1350 1158 22 24
c 1.0 216 1184 32 33
b 1.0 303 1186 26 31
x 1.0 358 1187 33 32
x 1.0 443 1189 31 31
P 1.0 530 1190 30 33
o 1.0 246 1191 23 25
m 1.0 270 1192 33 26
o 1.0 328 1192 21 26
o 1.0 411 1195 24 25
o 1.0 496 1197 21 23
e 1.0 571 1199 25 25
m 1.0 597 1199 32 26
r 1.0 561 1200 14 23
9 1.0 759 1200 21 32
K 1.0 783 1200 27 32
m 1.0 664 1201 33 26
u 1.0 642 1202 20 24
T 1.0 819 1202 25 31
E 1.0 845 1203 25 30
  0.52 152 1206 76 64
0 0.99 2097 1210 25 33
0 0.98 2122 1210 24 34
0 0.99 1875 1211 21 34
s 1.0 1323 1212 26 31
t 1.0 1370 1214 15 30
e 1.0 1349 1220 22 24
F 1.0 213 1247 25 31
t 1.0 282 1249 18 30
O 1.0 330 1250 32 31
c 1.0 479 1251 31 32
a 1.0 238 1255 22 24
n 1.0 261 1255 23 25
a 1.0 296 1256 22 24
l 0.95 673 1257 10 32
r 1.0 363 1259 15 24
a 1.0 376 1259 24 22
n 1.0 401 1259 21 23
g 1.0 420 1259 24 32
e 1.0 444 1259 25 25
a 0.99 510 1260 22 25
n 1.0 535 1261 19 23
m 1.0 639 1263 31 25
0 1.0 2098 1273 25 34
l 0.99 1321 1274 11 31
o 0.99 1875 1275 23 35
  0.81 2097 1277 7 25
o 1.0 1331 1281 23 27
n 1.0 1355 1282 18 23
  0.58 1908 1301 140 89
K 1.0 208 1310 32 33
t 1.0 303 1314 19 30
i 0.98 373 1315 12 30
D 1.0 437 1315 31 33
m 1.0 263 1318 30 26
B 1.0 545 1318 26 31
e 1.0 236 1319 23 24
F 1.0 574 1319 23 31
v 1.0 394 1322 23 23
a 1.0 495 1323 22 25
L 1.0 1321 1336 23 33
K 1.0 204 1373 31 33
h 1.0 232 1374 24 32
l 1.0 313 1377 10 31
h 1.0 370 1377 21 32
G 1.0 403 1377 33 33
i 0.98 483 1378 9 32
n 1.0 279 1382 20 24
n 1.0 346 1384 20 24
o 1.0 437 1385 22 25
g 1.0 457 1388 25 32
i 1.0 1362 1398 12 32
0 0.98 2146 1403 24 34
  0.64 2097 1405 7 32
c 1.0 1320 1407 21 24
0 0.98 2098 1407 24 34
i 0.99 223 1440 14 32
T 1.0 194 1441 31 33
h 1.0 304 1443 32 34
n 1.0 263 1450 28 25
n 1.0 361 1451 28 26
g 1.0 385 1452 34 35
v 1.0 2064 1474 39 34
N 1.0 2101 1474 33 34
T 1.0 189 1505 32 37
i 1.0 215 1505 15 37
h 1.0 308 1509 28 34
t 1.0 292 1510 18 35
n 1.0 256 1517 22 26
u 1.0 335 1518 24 25
N 1.0 2106 1539 33 37
v 1.0 2070 1540 36 36
T 1.0 180 1578 32 39
h 1.0 329 1583 29 35
h 1.0 414 1584 30 37
t 1.0 310 1585 22 35
t 1.0 457 1587 19 34
n 1.0 241 1589 28 28
g 1.0 268 1591 29 38
a 1.0 356 1591 28 28
n 1.0 387 1592 27 28
o 1.0 474 1594 28 28
n 1.0 530 1596 27 27
v 1.0 2072 1614 37 37
N 1.0 2110 1615 31 36
T 1.0 261 1651 37 39
h 1.0 289 1652 33 38
h 1.0 371 1654 29 36
t 1.0 410 1657 21 34
b 1.0 519 1658 30 37
a 1.0 315 1661 33 30
n 1.0 344 1662 30 29
s 1.0 825 1662 36 41
A 1.0 854 1662 38 38
o 1.0 425 1663 31 31
V 1.0 783 1663 34 36
l 1.0 812 1663 15 35
n 1.0 480 1665 27 27
n 1.0 572 1667 28 27
g 1.0 597 1667 32 38
v 1.0 2075 1686 36 38
N 1.0 2112 1686 30 38
  0.61 165 1689 49 44
Q 1.0 178 1770 40 43
l 1.0 318 1774 14 36
i 1.0 406 1774 16 40
G 1.0 370 1775 40 40
t 1.0 558 1780 19 37
u 1.0 217 1782 27 28
n 1.0 275 1783 28 27
T 1.0 856 1784 33 37
m 1.0 448 1785 43 30
h 1.0 889 1786 26 37
s 1.0 504 1787 27 29
g 1.0 987 1790 27 45
h 1.0 1387 1793 26 38
P 1.0 1355 1794 30 38
u 1.0 917 1795 27 28
n 1.0 959 1796 26 29
n 1.0 1044 1798 26 27
c 1.0 1444 1802 25 30
h 1.0 1907 1803 34 37
v 1.0 1481 1804 28 29
K 1.0 1866 1804 50 36
h 1.0 1993 1805 26 38
h 1.0 2037 1808 26 35
c 1.0 1965 1816 25 27
n 1.0 2095 1819 25 27
g 1.0 2123 1826 28 35
T 1.0 131 2465 32 33
l 1.0 176 2466 15 31
d 1.0 276 2466 28 33
G 1.0 456 2466 32 34
T 1.0 377 2467 29 31
h 1.0 398 2467 25 31
  1.0 506 2467 14 30
d 1.0 516 2469 23 29
s 1.0 590 2469 28 33
i 0.99 743 2471 13 30
n 1.0 221 2473 23 24
g 1.0 242 2473 27 34
g 1.0 341 2473 26 34
n 1.0 319 2474 25 25
o 0.97 485 2474 24 26
e 1.0 536 2474 24 26
h 1.0 824 2474 25 31
i 1.0 1091 2474 16 33
e 1.0 422 2475 23 24
n 1.0 558 2475 22 25
h 1.0 937 2475 23 31
d 1.0 1163 2476 24 32
p 1.0 613 2477 26 32
o 0.98 638 2477 21 25
o 1.0 659 2477 21 26
m 1.0 710 2477 33 26
n 1.0 679 2478 22 23
n 1.0 772 2479 21 24
p 1.0 801 2479 28 33
v 1.0 869 2480 22 25
c 1.0 919 2480 21 26
u 1.0 959 2481 22 27
n 1.0 1020 2481 21 25
y 1.0 977 2482 26 33
S 1.0 1111 2482 21 26
t 0.99 1318 2485 16 33
h 1.0 1381 2485 23 34
n 1.0 1204 2487 20 23
g 1.0 1224 2488 23 33
n 1.0 1350 2492 21 25
n 1.0 1451 2495 21 26
i 1.0 1605 2495 13 33
g 1.0 1472 2496 25 33
u 1.0 1531 2499 21 26
i 1.0 1836 2502 13 31
t 0.99 1826 2503 13 33
c 1.0 1669 2504 20 26
l 1.0 1898 2504 12 32
i 1.0 1930 2504 13 33
u 1.0 1721 2506 23 26
q 1.0 1699 2507 24 34
y 1.0 1741 2508 24 33
n 1.0 1784 2509 20 25
h 1.0 2022 2509 23 31
n 1.0 1868 2510 20 25
h 1.0 2087 2510 23 32
v 1.0 1951 2514 22 23
a 1.0 2045 2514 21 27
h 1.0 118 2515 25 32
n 1.0 2002 2515 21 24
n 1.0 2066 2515 20 26
h 1.0 238 2516 26 31
t 1.0 282 2516 20 32
7 0.78 454 2516 27 32
k 0.93 578 2516 12 33
t 1.0 306 2517 16 31
i 0.99 338 2517 15 31
h 1.0 380 2517 25 31
t 1.0 403 2517 18 30
h 1.0 490 2517 25 32
d 0.99 586 2519 24 31
n 1.0 162 2521 24 25
c 1.0 100 2522 23 25
g 1.0 183 2522 28 34
n 1.0 218 2522 24 26
p 1.0 421 2523 30 32
g 1.0 532 2523 26 34
e 0.99 512 2524 24 25
o 1.0 557 2524 22 26
e 1.0 606 2525 24 25
n 1.0 629 2525 21 25
s 1.0 650 2525 20 26
p 1.0 666 2526 27 33
o 1.0 691 2526 21 25
o 1.0 711 2527 24 25
n 1.0 733 2528 21 23
g 1.0 763 2529 25 32
g 1.0 783 2529 27 34
g 1.0 806 2529 24 34
c 1.0 839 2529 22 26
o 0.99 858 2529 22 26
m 1.0 879 2529 33 27
v 1.0 922 2530 23 26
n 1.0 940 2530 21 25
x 1.0 118 2563 39 34
t 1.0 192 2565 16 32
h 1.0 213 2565 26 32
h 1.0 443 2565 27 32
h 1.0 498 2566 25 31
t 0.99 370 2567 18 30
i 0.97 403 2567 15 30
k 1.0 697 2570 27 31
k 1.0 758 2570 24 31
u 1.0 149 2571 23 27
h 1.0 717 2571 25 32
h 1.0 830 2571 25 33
a 1.0 259 2572 22 26
n 1.0 337 2572 25 25
c 1.0 424 2572 25 25
t 1.0 799 2572 16 31
t 1.0 820 2572 17 31
d 1.0 986 2572 25 33
n 1.0 477 2573 24 24
n 1.0 530 2573 24 25
g 1.0 550 2573 29 34
h 1.0 1035 2573 23 31
a 0.9 573 2575 24 24
y 1.0 593 2575 27 31
s 1.0 625 2575 22 25
i 0.79 924 2575 12 32
u 1.0 668 2577 22 24
c 1.0 874 2579 21 26
c 1.0 1016 2579 21 29
g 1.0 902 2580 24 34
a 0.99 934 2580 21 24
o 1.0 957 2581 19 27
h 1.0 308 2611 23 33
X 1.0 113 2612 37 34
k 1.0 464 2614 26 32
t 1.0 188 2616 17 32
h 1.0 483 2616 26 32
h 1.0 546 2616 24 33
  0.99 578 2617 15 33
k 1.0 620 2617 26 33
h 1.0 638 2617 25 33
k 1.0 680 2617 25 33
h 1.0 700 2617 23 33
h 1.0 762 2617 23 33
i 0.99 661 2618 15 32
h 1.0 794 2618 23 32
u 1.0 144 2621 24 26
a 1.0 254 2621 23 25
a 1.0 353 2621 23 26
k 1.0 890 2621 25 33
n 1.0 210 2622 23 23
g 1.0 230 2622 27 35
y 1.0 274 2622 27 33
n 1.0 431 2622 25 25
c 1.0 528 2623 22 26
h 1.0 910 2623 22 32
h 1.0 1180 2624 20 33
c 1.0 743 2626 22 25
c 1.0 1006 2626 20 29
t 1.0 1169 2626 13 31
n 1.0 837 2628 21 24
n 1.0 952 2628 23 27
c 1.0 1098 2628 23 27
g 1.0 857 2630 26 33
g 1.0 973 2630 24 33
u 1.0 1025 2630 22 26
n 1.0 1047 2630 21 24
g 1.0 1066 2630 25 33
p 1.0 1136 2630 24 34
t 0.99 1273 2632 15 32
n 1.0 1220 2635 22 26
t 0.99 1325 2635 14 33
g 1.0 1241 2637 23 33
n 1.0 1290 2639 24 26
h 1.0 1481 2640 20 32
n 1.0 1357 2642 20 25
c 1.0 1462 2644 20 28
a 1.0 1430 2645 20 26
h 1.0 1662 2646 20 34
t 1.0 1650 2647 14 33
m 1.0 1532 2648 33 27
s 1.0 1597 2651 23 28
u 1.0 1683 2656 22 25
7 1.0 2137 148 23 29
1 1.0 2081 153 17 30
2 1.0 2055 154 23 31
9 1.0 1995 160 21 30
0 0.95 1949 162 21 32
1 1.0 1973 163 17 31
2 1.0 1926 166 22 31
0 0.99 1868 170 26 35
7 1.0 1891 170 23 29
5 1.0 1835 174 23 31
2 1.0 1810 177 24 31
4 1.0 2136 203 26 31
4 1.0 2136 270 27 32
1 1.0 2140 346 19 31
5 1.0 2116 348 22 31
8 1.0 2092 350 23 31
1 0.99 2023 355 16 30
9 0.94 2044 355 25 29
5 1.0 1234 577 23 33
5 1.0 1258 578 25 32
8 1.0 2139 693 27 36
0 1.0 412 695 27 34
2 1.0 437 697 28 32
9 1.0 2057 697 31 37
8 1.0 2088 697 23 34
0 1.0 635 698 24 34
1 1.0 663 698 16 33
4 1.0 2030 699 30 35
0 1.0 686 700 25 35
6 1.0 2004 701 28 35
3 1.0 1951 703 28 34
7 1.0 1978 703 27 34
4 1.0 1923 705 28 34
0 1.0 1898 706 25 34
  0.89 458 723 29 70
1 1.0 410 763 20 37
2 1.0 434 763 28 37
4 1.0 459 769 27 32
0 1.0 2141 871 27 38
3 1.0 2113 872 28 37
9 1.0 2073 874 28 37
1 1.0 2049 875 16 35
1 1.0 2075 950 17 38
2 1.0 2112 950 28 37
7 1.0 2141 950 25 37
2 1.0 2044 953 28 36
0 1.0 2144 1080 24 35
0 0.98 2120 1081 24 34
0 0.9 2096 1082 23 32
0 0.99 2059 1083 24 32
5 1.0 2036 1084 23 31
0 1.0 1824 1088 19 32
0 1.0 1871 1088 25 32
0 1.0 1848 1089 23 31
2 1.0 1765 1091 23 31
5 1.0 1789 1091 23 31
2 1.0 1615 1093 22 30
2 1.0 712 1136 24 29
9 1.0 736 1137 23 31
0 0.99 2145 1145 24 34
0 0.98 2121 1146 24 32
8 1.0 2013 1148 23 31
9 1.0 2037 1148 24 31
7 1.0 2061 1148 20 31
0 0.99 1871 1150 25 34
0 0.99 1824 1151 19 32
3 1.0 1615 1152 24 33
0 1.0 1848 1152 23 31
9 1.0 1789 1153 23 32
2 1.0 1743 1154 22 30
9 1.0 1765 1154 24 31
2 1.0 710 1197 23 31
9 1.0 733 1198 24 31
0 0.99 2146 1209 24 33
9 1.0 2037 1210 25 32
9 1.0 2062 1210 23 32
0 1.0 1848 1213 24 32
1 1.0 1617 1214 15 31
0 1.0 1827 1215 21 31
9 1.0 1766 1216 22 31
9 1.0 1789 1216 23 31
3 1.0 568 1256 24 31
3 1.0 591 1256 23 32
0 1.0 615 1257 22 30
0 0.98 2146 1272 24 34
8 1.0 2061 1274 25 33
0 0.99 2122 1274 24 34
5 1.0 2038 1275 22 33
2 1.0 1615 1276 23 32
9 1.0 1789 1277 24 33
0 0.99 1848 1277 24 33
2 1.0 1768 1278 21 32
0 0.98 1830 1281 23 35
1 1.0 1617 1338 15 35
2 1.0 1615 1402 21 33
0 0.99 1827 1404 23 33
0 0.98 1850 1404 24 33
0 0.99 1873 1404 24 33
1 1.0 2041 1405 14 34
0 1.0 2062 1405 23 34
0 1.0 2122 1405 23 33
5 1.0 1790 1406 22 32
1 1.0 1818 1472 22 34
1 1.0 1884 1472 21 34
1 1.0 1858 1474 20 32
4 1.0 1909 1474 30 34
0 1.0 1979 1475 26 31
0 1.0 2005 1475 29 31
0 1.0 1951 1476 27 28
  0.59 1958 1506 41 77
1 1.0 725 1519 20 36
0 1.0 750 1520 25 35
0 1.0 2004 1532 43 43
4 1.0 1946 1535 45 38
0 1.0 1978 1535 39 37
1 1.0 1858 1539 21 37
1 1.0 1886 1540 15 35
1 1.0 1914 1540 15 35
1 1.0 1826 1612 18 36
2 1.0 1889 1612 28 35
2 1.0 1863 1613 27 35
5 1.0 1916 1613 27 35
4 1.0 1956 1613 30 35
0 1.0 1984 1613 29 36
0 1.0 2012 1613 28 36
2 1.0 1864 1682 28 36
1 1.0 1826 1683 19 34
2 1.0 1891 1683 29 35
5 1.0 1919 1683 28 36
4 1.0 1960 1684 29 36
0 0.99 1989 1684 28 38
0 1.0 2016 1684 27 39
  0.61 376 2250 15 82
1 0.76 1304 2638 13 28
1 1.0 2138 2764 17 39
1 1.0 2175 2765 18 38
: 0.87 2104 157 7 22
* 1.0 2029 158 15 38
\\ 1.0 1913 163 14 31
/ 1.0 1855 171 15 31
{ 0.65 1833 175 10 33
: 0.53 1702 244 11 27
: 0.93 1807 379 10 24
: 0.94 1807 450 10 23
. 1.0 1545 504 16 37
: 0.97 1197 581 9 23
: 0.91 423 641 7 23
: 0.88 390 703 7 25
: 0.98 1874 717 9 25
, 0.93 710 780 12 35
, 0.93 384 783 9 20
, 0.97 1999 783 11 30
, 0.96 2105 783 9 22
- 1.0 937 785 18 32
. 0.78 1896 785 8 31
: 0.99 1769 797 9 26
- 1.0 617 876 17 28
: 0.96 484 877 9 24
: 1.0 2102 883 9 26
: 1.0 1889 893 10 26
: 0.98 429 950 8 22
: 1.0 2102 960 9 26
※ 0.64 2011 964 32 36
: 0.97 1925 965 10 29
\\ 1.0 1609 1017 13 41
, 0.99 2084 1092 10 30
, 0.98 1814 1100 9 29
, 0.98 2085 1156 10 29
, 0.96 1814 1163 9 29
, 0.98 2087 1220 9 27
, 0.94 1814 1225 9 29
, 0.82 1812 1280 12 36
, 0.83 2085 1280 13 35
( 1.0 530 1317 14 39
) 0.98 596 1321 15 40
\\ 0.94 1814 1400 11 41
, 0.95 2087 1414 9 29
( 0.71 388 1450 12 35
: 0.99 420 1454 11 23
, 1.0 1843 1480 14 33
, 0.95 1936 1484 18 27
* 0.87 295 1505 16 17
_ 0.56 309 1506 23 19
※ 0.54 282 1508 13 16
% 1.0 789 1518 41 39
: 0.99 390 1520 9 24
, 0.91 1939 1551 11 34
: 1.0 561 1597 11 25
, 0.99 1849 1620 13 35
, 0.99 1943 1623 14 34
: 0.99 628 1670 13 27
, 0.98 1853 1691 11 35
, 0.87 1950 1695 10 35
_ 0.71 2142 1734 34 37
/ 0.99 353 1774 21 36
* 1.0 104 2457 26 31
\\ 1.0 1243 2480 12 37
, 0.89 1813 2505 10 36
. 0.81 753 2524 10 31
: 0.99 349 2525 13 24
* 0.98 448 2525 12 23
\\ 0.96 827 2527 10 29
. 0.84 910 2528 9 28
* 1.0 97 2557 24 29
" 0.59 470 2569 12 57
; 0.7 581 2604 39 22
* 1.0 92 2609 22 23
, 0.93 1375 2643 12 31
, 0.96 1509 2643 13 35
^ 0.66 1727 2651 8 31
# 1.0 2108 2763 29 38
/ 0.99 2158 2765 17 38
