1807,164,2015,159,2016,203,1808,208
2023,350,2156,344,2158,382,2024,388
1630,182,1730,185,1729,225,1629,221
2042,150,2155,145,2157,179,2044,184
1896,697,2160,693,2161,734,1896,738
408,690,707,692,707,732,408,731
1404,491,1550,493,1550,548,1403,546
2051,872,2165,870,2165,908,2051,910
2107,2763,2191,2762,2191,2798,2107,2799
1038,476,1210,473,1211,528,1039,531
2032,1806,2148,1807,2147,1854,2031,1852
373,2511,710,2516,710,2559,373,2554
840,479,1020,479,1021,529,841,530
305,1440,427,1442,426,1485,304,1484
576,633,733,635,733,668,576,667
2047,1009,2161,1008,2162,1053,2047,1054
1814,884,1892,881,1893,919,1815,921
251,627,422,626,422,672,251,673
1691,374,1809,373,1809,404,1691,406
237,858,363,860,362,898,237,896
1234,487,1381,489,1380,533,1234,531
1724,890,1800,888,1801,924,1726,927
1689,444,1809,442,1810,475,1689,476
1689,301,1800,299,1801,331,1690,332
262,1652,394,1653,394,1691,262,1689
2046,951,2165,949,2166,988,2046,990
2108,203,2157,200,2158,232,2109,234
182,1772,297,1773,297,1809,182,1808
222,1120,348,1121,348,1154,222,1154
376,861,491,864,490,910,375,907
1709,1029,1798,1029,1798,1059,1709,1058
1356,1794,1465,1795,1464,1833,1355,1831
318,992,433,995,432,1038,316,1035
521,1652,635,1653,634,1703,520,1702
531,1127,700,1129,699,1164,530,1162
218,1247,315,1248,314,1280,218,1279
1816,960,1931,959,1931,1001,1817,1002
682,2616,784,2617,784,2652,682,2651
784,1663,883,1662,884,1698,784,1699
1380,2486,1496,2486,1496,2529,1380,2528
394,1062,518,1061,518,1101,394,1102
182,1573,300,1574,299,1627,182,1625
1819,1472,1942,1470,1943,1510,1820,1512
529,1189,695,1191,694,1224,528,1223
2003,2508,2105,2508,2105,2539,2003,2539
326,1247,461,1248,461,1289,325,1288
1697,2493,1802,2492,1803,2540,1697,2541
615,942,728,944,727,988,614,986
106,2559,211,2557,212,2597,107,2599
219,1182,347,1183,346,1216,219,1215
295,1504,396,1503,397,1543,296,1545
1905,778,1996,776,1997,822,1907,825
1792,790,1894,789,1894,818,1793,820
99,2513,210,2515,209,2555,98,2553
194,1437,287,1438,287,1474,193,1473
1667,789,1772,788,1772,823,1667,824
2108,269,2159,267,2160,300,2109,302
1829,1680,1946,1679,1946,1722,1829,1723
275,2463,368,2466,366,2507,274,2504
917,2467,1041,2468,1041,2515,917,2514
456,1587,569,1586,570,1622,457,1623
744,947,846,949,845,992,743,990
1163,2477,1250,2480,1249,2519,1162,2517
2080,1686,2177,1687,2177,1722,2079,1722
465,2614,568,2613,568,2645,466,2646
1808,709,1880,708,1881,742,1808,743
859,1783,943,1785,942,1822,858,1821
1166,2624,1266,2625,1265,2667,1165,2666
425,2564,518,2562,519,2597,425,2599
857,952,939,951,940,987,858,988
2066,1474,2165,1473,2166,1506,2067,1508
1859,1539,1961,1537,1961,1574,1860,1576
888,2619,995,2620,994,2663,888,2661
411,1655,504,1656,503,1693,411,1692
2012,775,2095,774,2096,809,2012,810
229,990,308,992,307,1027,229,1026
1824,1609,1952,1611,1952,1653,1824,1652
311,1583,440,1582,440,1618,311,1619
403,1374,491,1375,490,1417,402,1416
1633,240,1706,240,1706,268,1633,267
2073,1540,2168,1539,2168,1574,2073,1576
212,2515,302,2513,303,2547,212,2549
303,1310,386,1309,386,1344,303,1344
2076,1615,2173,1614,2173,1649,2076,1650
834,2526,911,2525,912,2554,834,2555
1725,965,1800,964,1800,997,1725,999
1871,1803,2016,1804,2016,1842,1871,1841
316,1775,484,1774,485,1820,316,1821
325,937,433,936,433,979,325,980
961,1786,1067,1787,1067,1834,960,1833
1009,2626,1087,2625,1087,2661,1009,2662
455,2466,588,2468,587,2501,454,2499
534,2569,622,2572,621,2608,533,2605
362,1186,431,1185,432,1218,362,1219
981,2572,1058,2571,1058,2609,981,2610
236,935,309,936,308,969,235,968
799,2620,882,2620,882,2659,798,2658
211,2615,299,2617,299,2655,210,2654
709,1195,808,1196,808,1231,709,1230
112,2612,200,2611,201,2646,113,2647
204,1373,297,1374,296,1406,204,1405
192,1504,276,1504,275,1541,192,1541
208,1309,290,1309,290,1342,209,1342
709,1133,808,1134,808,1169,708,1167
1814,1026,1879,1023,1881,1060,1816,1064
444,634,560,633,560,665,445,666
302,1059,382,1058,382,1091,302,1092
1329,1022,1412,1023,1412,1057,1329,1055
819,2569,896,2570,895,2606,819,2604
437,1315,515,1315,515,1348,437,1348
361,1123,435,1122,435,1154,362,1156
1319,1148,1385,1146,1385,1180,1320,1182
2097,1144,2164,1143,2164,1176,2097,1178
1821,1090,1891,1087,1893,1120,1823,1123
502,766,616,765,617,810,502,810
2096,1083,2163,1081,2164,1113,2097,1115
2094,1208,2166,1206,2167,1241,2095,1243
566,1251,683,1252,682,1287,566,1287
2099,1272,2164,1272,2165,1306,2099,1307
769,1520,824,1520,824,1554,768,1554
2095,1403,2165,1402,2166,1438,2096,1439
2011,1146,2081,1145,2081,1178,2012,1179
591,2469,700,2467,701,2506,592,2507
478,1251,552,1250,553,1283,478,1284
194,2461,269,2463,268,2505,193,2502
1140,568,1203,568,1202,602,1140,602
311,1375,389,1376,389,1411,311,1410
1743,1152,1809,1151,1809,1184,1744,1185
726,1521,790,1520,790,1553,726,1554
707,2468,794,2467,795,2504,708,2505
1098,2618,1161,2617,1161,2662,1098,2663
505,1779,573,1778,573,1813,505,1814
834,771,925,771,926,821,834,821
226,1057,279,1058,279,1089,225,1088
248,690,305,689,306,724,248,724
443,1186,516,1186,516,1220,443,1221
1321,1274,1373,1274,1372,1305,1321,1305
1320,1210,1382,1209,1383,1242,1320,1243
1040,778,1097,777,1098,813,1041,814
211,2565,280,2565,280,2596,211,2597
532,1317,607,1316,607,1356,532,1357
243,764,309,765,308,798,243,798
615,2573,690,2571,690,2598,616,2599
1821,1215,1891,1212,1893,1245,1823,1248
636,772,711,772,712,806,636,806
1823,1151,1889,1148,1890,1183,1825,1186
736,773,818,772,819,811,737,813
131,2461,193,2460,193,2499,131,2499
323,692,396,691,396,724,323,725
1071,568,1120,567,1121,604,1072,605
900,2572,976,2571,976,2612,900,2613
1963,1683,2038,1682,2039,1721,1963,1722
761,2567,815,2568,814,2602,760,2601
413,767,482,766,482,801,413,801
1651,2643,1731,2644,1730,2681,1651,2680
1819,1403,1892,1403,1892,1436,1819,1436
1531,2644,1587,2643,1587,2674,1532,2675
2033,1082,2079,1082,2080,1113,2033,1114
1264,2480,1304,2479,1305,2513,1265,2514
1052,2472,1102,2470,1103,2504,1053,2506
1321,1337,1363,1337,1363,1370,1321,1370
1767,1091,1811,1090,1812,1120,1768,1121
1486,1804,1535,1804,1534,1834,1486,1833
325,766,388,765,388,798,325,798
293,2567,360,2566,360,2595,293,2596
1399,2640,1448,2640,1448,2671,1399,2671
2115,775,2163,774,2164,800,2116,802
967,779,1016,779,1017,813,968,814
380,2465,443,2466,443,2500,380,2499
1628,444,1674,444,1674,476,1629,476
1820,2501,1884,2501,1885,2538,1820,2538
1323,2632,1381,2633,1380,2667,1323,2666
447,1125,518,1124,519,1156,448,1157
1899,2505,1943,2505,1943,2536,1899,2536
1940,1540,2028,1538,2028,1575,1940,1577
1318,1402,1370,1402,1370,1430,1318,1430
1623,2495,1685,2495,1685,2530,1623,2530
1563,2493,1613,2492,1613,2524,1563,2524
387,2617,451,2616,452,2645,387,2646
2036,1271,2082,1271,2082,1306,2036,1306
1582,1027,1647,1026,1647,1057,1582,1058
1631,375,1673,374,1673,405,1632,406
2040,1405,2086,1403,2087,1437,2042,1438
1460,2639,1516,2639,1517,2671,1460,2672
1949,1474,2027,1472,2027,1506,1950,1508
1598,2643,1636,2643,1637,2676,1598,2676
1233,576,1277,576,1277,608,1234,608
619,2617,672,2617,672,2648,619,2647
1825,1275,1891,1274,1891,1306,1826,1308
1949,1611,2034,1611,2034,1650,1949,1651
1319,2483,1370,2483,1369,2518,1319,2518
1630,301,1675,300,1676,332,1630,332
1111,2474,1153,2474,1153,2506,1111,2507
695,2566,750,2567,750,2601,695,2600
1506,2495,1550,2495,1550,2523,1506,2522
1764,1214,1809,1213,1809,1245,1764,1246
310,2613,375,2612,376,2645,310,2646
2035,1210,2082,1208,2083,1241,2036,1242
762,2524,835,2525,834,2560,761,2559
820,1201,867,1202,867,1231,819,1230
524,2519,759,2521,759,2556,523,2554
920,2527,966,2527,966,2555,920,2555
802,2472,858,2471,859,2505,803,2506
1765,1277,1809,1276,1809,1309,1765,1310
369,2567,415,2567,415,2595,369,2596
1948,2507,1987,2508,1986,2536,1947,2535
305,2516,359,2516,359,2548,306,2549
580,2613,608,2612,609,2646,581,2647
867,2472,907,2471,908,2506,868,2507
1274,2631,1311,2631,1311,2665,1273,2665
1789,1406,1840,1405,1840,1437,1790,1438
