Ế 307 26 21 36
À 442 29 20 33
S 75 59 13 17
ý 752 75 10 17
ệ 782 76 9 14
ê 436 104 12 18
ố 748 118 12 15
Ồ 474 164 8 19
Ố 457 164 9 19
Ê 334 165 8 17
Ô 54 165 8 17
Ệ 243 165 9 19
Á 296 165 8 16
Á 386 165 8 17
À 422 165 8 17
Í 496 165 5 16
ố 836 172 13 14
ế 878 172 10 15
à 740 174 9 12
à 668 174 10 13
O 175 193 12 13
O 363 194 12 12
i 682 196 7 13
t 743 197 9 13
v 686 199 10 10
y 707 200 13 14
v 846 198 10 12
ố 342 212 11 16
ề 484 212 9 16
ỉ 100 213 5 14
ả 442 213 8 14
đ 372 214 11 14
à 255 214 9 13
ờ 393 214 11 14
Đ 50 214 13 14
ị 63 214 5 17
ò 210 214 11 14
ư 382 216 12 11
ố 475 234 9 15
ế 270 234 11 16
é 325 235 8 14
ờ 229 236 11 13
ậ 364 236 8 15
à 424 236 8 13
ư 220 238 11 11
ệ 68 258 9 17
ạ 117 264 9 12
i 488 320 5 15
i 475 320 6 15
D 420 321 12 14
a 518 324 10 12
á 110 337 10 13
ê 67 337 8 13
à 152 337 10 13
o 223 340 10 10
i 464 344 4 15
i 681 344 5 15
i 421 345 5 14
a 517 347 9 12
a 624 348 9 12
ỉ 106 359 5 14
Đ 57 360 13 13
ị 69 360 6 16
Đ 58 383 13 13
ệ 76 384 9 16
ạ 125 386 8 14
à 803 406 9 14
ể 864 406 10 14
ể 677 407 9 14
Đ 583 407 12 13
ê 506 408 8 13
ị 630 408 6 15
ã 253 408 10 12
á 288 408 8 12
à 330 408 10 12
ã 432 408 9 12
â 466 408 9 13
ơ 595 408 12 13
ẩ 144 415 9 15
ả 99 416 9 14
o 335 433 9 11
a 845 433 7 10
o 118 443 10 9
0 834 445 10 13
D 661 445 13 14
0 310 446 11 14
ố 162 482 11 15
Đ 88 484 12 14
ơ 100 487 11 10
ề 855 488 9 16
ố 444 489 12 15
á 661 490 9 14
à 810 490 8 13
à 306 491 8 14
ê 272 492 7 15
ư 465 492 11 12
ơ 622 492 10 12
ợ 475 493 12 15
i 656 513 7 16
i 625 513 7 14
i 297 515 7 13
i 316 515 8 13
0 90 562 12 14
X 364 562 10 14
ố 697 880 14 19
đ 597 883 13 15
è 475 884 10 15
ó 568 884 12 15
ơ 610 886 12 13
ổ 102 973 10 16
ộ 144 976 10 16
ú 100 1024 8 13
i 680 1030 5 12
a 718 1036 12 12
à 420 1040 8 12
í 454 1040 4 11
i 275 1040 5 13
đ 385 1040 9 12
à 228 1041 9 13
ô 300 1041 9 12
ó 340 1041 9 12
ó 362 1041 9 12
ơ 394 1041 8 11
Ử 601 1041 12 16
ò 99 1042 9 12
ô 148 1042 8 12
ậ 196 1042 9 14
i 88 1042 4 12
ờ 883 1055 9 13
ậ 918 1056 9 14
ư 874 1056 10 12
ủ 332 1057 9 13
ằ 244 1058 10 13
i 591 1058 4 11
à 437 1058 9 12
i 362 1058 5 12
ữ 481 1058 9 12
ế 92 1059 9 14
ứ 293 1059 9 12
ệ 366 1059 9 14
ậ 406 1059 9 14
i 123 1060 4 12
à 157 1060 9 12
à 197 1060 9 12
à 222 1060 10 12
n 843 1058 9 10
ế 512 1073 10 15
ề 569 1073 9 14
ể 252 1075 9 15
i 509 1076 5 12
ở 325 1076 10 13
é 445 1076 9 12
á 471 1076 9 13
à 269 1076 10 13
ệ 381 1077 9 15
à 212 1077 9 13
đ 244 1078 8 12
à 77 1078 10 13
à 142 1079 8 12
ậ 180 1079 10 14
ơ 305 1079 9 11
ạ 544 1079 9 11
ả 856 1099 9 14
ý 886 1100 10 17
ể 455 1100 10 16
ả 548 1100 9 14
ệ 581 1101 10 16
ậ 393 1102 8 16
o 435 1129 9 10
ý 154 1158 10 19
ữ 123 1160 11 14
ê 181 1182 9 15
à 160 1182 8 14
õ 107 1184 10 14
ọ 133 1188 11 12
à 134 1245 10 14
G 353 36 17 26
I 372 36 8 25
I 566 36 7 26
I 299 36 7 24
A 379 36 19 26
N 463 36 16 26
G 481 36 17 26
K 548 36 17 26
D 622 36 18 26
A 657 36 18 26
H 694 36 17 26
H 425 37 18 24
P 264 37 15 25
H 281 37 16 25
U 326 37 16 25
P 521 37 16 25
H 593 37 17 25
N 676 37 16 25
N 574 36 18 25
A 88 60 16 17
M 106 61 16 16
N 156 62 12 15
G 172 62 14 15
S 126 62 13 16
U 140 62 13 15
S 648 74 17 20
O 461 74 18 20
I 362 74 7 19
R 403 74 16 19
D 314 75 16 18
E 332 75 14 19
L 348 75 14 19
V 369 75 17 18
N 445 75 15 19
S 584 75 16 19
E 387 75 15 19
Y 420 75 16 19
T 479 75 15 19
E 495 75 15 19
R 560 75 16 19
A 600 75 17 19
h 767 75 11 13
i 777 75 5 12
S 812 75 10 13
E 822 75 14 13
C 934 75 12 13
F 527 76 14 18
O 541 73 19 23
L 618 76 14 18
E 633 76 15 18
K 740 76 13 12
6 905 76 9 13
H 921 76 12 12
T 848 76 12 12
S 865 76 11 12
V 835 76 13 12
M 946 76 16 12
0 889 76 9 12
2 880 77 9 11
1 898 77 7 11
u 791 80 11 8
S 745 97 9 13
i 769 97 5 13
a 774 100 8 11
e 755 101 7 10
r 763 101 7 9
l 781 96 7 16
L 418 105 13 17
C 498 105 14 17
i 431 106 5 16
n 449 109 13 13
p 526 109 12 17
y 538 109 12 17
o 513 109 12 13
0 776 118 13 20
S 739 119 10 13
N 746 141 13 14
o 759 146 10 8
C 187 169 7 13
S 226 168 7 14
C 48 169 8 13
G 69 169 7 13
T 92 169 7 13
H 112 169 7 13
S 121 169 6 13
S 140 169 7 13
U 146 169 8 13
G 160 169 7 13
L 175 169 6 12
I 217 169 6 13
M 272 169 10 13
I 302 169 5 12
G 315 169 8 13
C 354 169 8 13
C 484 169 6 13
N 61 170 8 12
T 77 170 8 12
Y 84 170 6 12
N 97 170 9 12
H 104 170 8 12
M 133 170 9 11
N 151 170 10 11
E 168 170 9 12
N 210 170 9 12
V 234 169 7 11
T 250 168 8 14
N 258 168 9 14
A 266 170 7 12
N 308 170 8 12
U 322 170 8 12
Y 329 170 6 12
N 340 170 10 12
I 366 170 5 12
N 373 170 7 12
N 393 170 8 12
T 409 170 8 12
N 429 170 7 12
H 436 170 7 12
H 450 170 8 12
M 501 170 11 13
E 180 170 8 12
R 198 170 7 12
H 360 170 8 12
H 400 170 7 12
H 467 170 7 12
N 514 170 7 12
T 283 170 7 12
H 288 170 8 11
H 380 170 7 12
H 416 170 7 11
P 445 170 6 12
H 490 170 7 12
H 520 170 8 12
T 192 168 8 14
i 702 173 6 13
S 828 173 10 13
K 566 173 13 13
h 578 173 10 13
h 730 173 11 13
i 873 173 5 13
N 645 174 15 12
h 863 174 11 12
a 708 177 8 9
p 852 177 11 14
o 588 177 9 9
g 659 177 10 13
y 677 177 10 13
g 760 177 10 13
u 887 177 10 10
g 692 178 11 12
o 716 178 10 8
n 749 178 11 8
N 339 192 11 14
M 66 193 12 12
U 85 192 12 15
M 441 193 15 13
S 48 193 8 12
S 78 193 8 12
N 232 193 12 13
N 96 194 12 12
N 186 194 12 12
H 420 194 12 13
l 836 194 7 16
G 107 194 11 12
L 132 194 8 11
E 140 194 9 11
C 149 194 10 12
T 248 194 9 12
G 299 194 10 12
U 309 194 10 12
C 354 194 10 12
L 382 194 8 12
D 398 194 11 12
C 432 194 10 12
A 486 194 11 13
A 56 194 10 12
E 122 194 9 12
T 159 194 8 12
R 167 194 9 12
I 197 194 6 11
C 202 194 10 12
V 223 194 11 12
H 257 194 11 12
A 267 194 12 12
N 287 194 11 12
Y 319 194 11 12
E 329 194 10 12
T 390 194 8 12
C 455 194 10 12
B 469 194 8 12
R 478 194 10 12
C 508 194 9 13
H 517 194 11 12
N 496 194 11 12
S 211 192 10 15
l 575 195 7 13
l 675 196 8 14
P 565 196 12 13
D 657 195 13 14
D 723 195 14 15
D 816 197 15 13
a 580 198 8 12
e 750 198 9 12
n 587 200 12 9
e 668 200 10 9
r 702 200 8 9
a 736 198 9 12
e 829 200 9 9
e 854 200 10 10
r 862 200 9 9
y 868 200 11 14
o 896 200 10 9
e 695 198 8 12
d 127 213 12 14
d 136 213 12 15
h 90 214 10 13
A 115 214 15 13
h 244 214 11 13
B 270 214 10 13
i 280 214 6 13
H 428 214 14 13
i 451 214 5 13
T 462 214 11 14
i 479 214 5 13
T 200 213 11 14
t 285 215 7 12
e 151 218 9 9
s 166 218 8 10
a 68 218 8 9
r 144 218 10 9
s 159 218 8 9
a 221 218 9 9
e 291 218 8 9
o 316 218 9 9
c 82 218 8 9
n 235 218 10 9
x 299 218 9 9
c 308 218 8 9
s 335 218 7 9
n 404 218 8 9
r 473 218 7 9
u 493 218 10 10
g 413 218 9 14
0 612 232 10 13
S 584 232 10 14
h 211 235 9 14
h 316 235 10 14
Q 342 235 14 17
h 414 235 10 14
h 441 235 10 14
P 202 236 9 12
B 262 236 10 12
N 294 236 13 13
P 456 236 10 13
h 466 236 9 13
H 490 236 12 13
C 502 236 12 13
M 514 236 14 13
T 406 236 8 12
n 280 239 10 10
n 238 240 10 8
g 247 240 10 14
g 307 239 9 14
u 356 240 8 9
n 373 240 10 9
n 432 240 10 8
h 98 259 10 14
i 127 259 5 13
l 162 259 6 14
T 142 259 11 13
Đ 49 259 14 13
i 63 260 5 12
8 207 260 9 13
0 310 260 9 13
t 92 260 7 12
o 109 263 8 9
n 77 263 10 10
e 154 264 8 8
F 49 284 11 13
a 60 288 8 9
x 68 288 9 8
C 819 309 13 14
N 909 309 13 14
D 923 309 12 14
V 896 310 12 13
r 842 314 7 8
n 864 314 10 9
c 873 314 8 9
u 832 314 10 9
r 848 314 8 8
e 855 314 8 8
y 881 314 9 14
B 352 321 10 15
N 400 321 12 14
X 444 321 12 15
N 380 321 12 15
T 508 321 12 15
n 480 325 8 11
n 527 325 10 11
k 91 336 11 14
h 127 336 11 14
h 142 336 11 14
C 191 336 14 14
h 101 337 10 13
T 56 338 12 12
t 218 338 8 12
n 162 340 10 10
u 203 340 10 10
s 211 340 7 10
m 232 340 12 10
e 244 340 8 10
c 120 341 8 9
n 76 341 10 9
g 171 341 11 13
r 252 341 7 9
k 394 344 10 15
K 541 344 11 14
K 648 344 10 14
h 456 344 8 15
h 564 344 9 15
h 694 344 10 15
h 729 344 9 15
V 776 344 12 15
h 404 344 8 14
t 449 344 8 15
N 708 344 12 15
A 752 344 11 15
T 506 345 12 14
T 612 345 12 14
t 674 345 8 14
N 787 344 12 15
t 472 343 7 16
o 412 347 10 12
e 738 348 10 12
a 484 348 9 11
n 494 348 8 12
y 582 348 10 16
e 590 348 10 12
n 600 348 9 11
n 633 348 9 11
y 657 348 10 16
g 720 348 9 15
n 761 348 10 12
n 527 348 9 11
u 574 348 9 12
n 685 347 9 12
y 551 349 9 13
A 120 359 13 14
d 140 359 12 14
h 95 359 11 14
s 170 363 8 10
a 75 364 8 9
r 150 364 8 10
e 156 364 8 9
s 163 364 7 9
c 88 364 8 10
T 154 381 12 15
h 105 382 11 14
i 71 383 5 13
i 134 383 6 13
l 171 382 8 14
t 100 384 7 13
n 85 387 10 9
o 116 387 9 10
e 164 387 9 9
h 835 406 11 14
h 647 406 11 14
M 237 407 17 14
k 268 407 12 13
h 278 407 10 13
h 305 407 10 13
h 320 407 11 13
M 415 407 17 14
h 456 407 11 13
N 779 407 15 13
i 501 407 5 13
c 828 410 8 10
n 686 410 10 10
u 845 410 11 10
n 873 410 11 10
c 297 411 8 9
n 339 411 11 9
g 349 411 11 14
n 446 411 12 9
n 476 411 10 9
n 605 411 10 9
v 620 411 10 9
c 640 411 8 9
u 658 411 10 9
y 668 411 9 13
g 793 411 11 14
y 812 411 11 14
y 855 411 10 13
v 492 411 9 9
n 515 411 10 9
h 134 416 10 14
s 90 417 10 13
m 153 420 15 10
n 108 420 10 10
p 124 420 10 14
f 819 428 11 20
T 596 430 14 13
b 662 430 11 14
c 248 430 14 14
l 438 430 7 14
D 774 430 15 14
s 420 430 12 14
N 322 430 14 14
t 275 431 8 12
t 795 431 8 12
t 832 431 8 13
N 494 428 14 16
m 458 434 13 10
e 801 434 8 9
n 852 434 11 9
u 261 434 9 9
a 430 434 9 10
a 470 434 9 11
n 478 434 11 10
e 643 434 9 10
a 787 434 9 10
o 814 434 9 10
r 881 434 8 8
o 280 434 9 10
o 507 434 9 10
r 608 434 7 10
a 614 434 10 10
n 623 434 10 10
s 268 434 8 10
m 288 434 14 10
s 451 434 7 10
s 862 432 8 10
e 302 434 9 10
r 310 434 7 9
f 636 428 11 22
r 651 434 8 10
r 838 433 7 10
e 442 435 10 9
s 632 433 8 10
d 126 439 11 14
P 102 440 12 12
t 150 440 8 12
u 135 442 9 10
c 143 443 9 9
r 112 443 8 9
1 844 445 8 15
1 320 446 8 14
H 674 446 10 13
L 684 446 10 13
0 292 445 9 15
h 139 484 12 14
s 155 488 7 9
n 110 488 10 9
h 828 490 12 14
h 800 490 10 14
h 295 490 11 15
i 656 490 6 14
T 789 490 12 14
i 850 490 6 13
Đ 606 491 17 14
T 260 491 12 13
l 460 491 6 14
t 844 491 7 12
S 435 491 9 14
n 864 494 10 9
g 495 494 10 16
n 819 494 10 10
g 645 495 13 14
g 324 495 10 15
n 632 495 9 9
n 280 495 11 10
n 314 495 11 9
n 486 495 9 9
O 115 507 15 13
S 101 505 10 15
N 134 508 13 12
o 146 510 9 10
A 803 513 15 15
i 482 514 8 14
U 603 514 14 14
D 257 514 13 14
Q 438 514 15 18
t 630 515 6 14
t 488 515 7 13
t 855 515 5 13
t 477 516 7 12
t 310 516 8 12
c 662 517 8 11
m 816 517 15 11
n 845 517 10 11
p 639 518 12 15
r 650 518 8 10
o 829 518 9 9
o 321 518 9 10
n 467 518 12 10
n 615 518 11 10
n 329 518 10 9
e 668 518 8 10
u 837 518 10 9
u 451 518 11 10
e 269 518 9 10
s 276 518 8 10
a 460 518 10 10
p 302 519 10 14
c 283 519 9 10
y 492 519 10 15
r 290 519 9 9
S 252 561 10 15
A 280 561 13 15
Z 326 561 10 14
M 262 562 13 14
F 318 562 9 14
K 336 562 10 13
F 346 562 10 13
V 372 561 12 14
O 146 562 12 15
X 354 562 12 14
P 136 562 11 15
C 323 596 10 15
O 146 596 12 15
S 332 596 10 15
B 262 596 10 15
E 342 596 10 15
G 351 596 12 16
W 376 596 17 15
W 363 597 15 14
P 277 597 10 14
E 253 598 9 14
P 136 598 11 14
0 90 598 12 14
A 653 882 17 16
T 669 883 13 15
h 556 883 12 16
h 516 883 14 17
V 638 883 16 16
K 460 884 16 16
t 510 886 7 14
s 688 888 9 10
n 620 888 13 11
m 486 888 18 11
a 580 888 10 11
e 529 888 9 11
o 539 888 11 11
T 91 976 11 14
n 112 980 10 9
g 121 980 11 12
c 136 980 8 9
n 154 980 10 8
g 163 980 11 12
T 113 996 13 14
l 145 997 7 13
t 132 998 8 13
a 137 1001 10 9
o 124 1001 9 10
G 51 1024 11 12
h 90 1024 9 12
h 63 1025 9 11
i 73 1025 4 12
c 81 1027 9 9
w 624 1030 16 11
w 638 1030 14 11
w 652 1030 13 12
d 670 1031 11 12
e 684 1031 10 13
n 695 1034 9 10
m 705 1034 13 11
y 730 1038 9 13
h 768 1038 9 13
a 748 1039 10 11
x 739 1039 9 10
h 445 1040 9 11
n 758 1040 9 10
i 429 1040 4 11
h 466 1040 8 12
h 354 1041 8 11
k 284 1041 8 12
t 416 1041 4 11
k 131 1042 8 12
h 188 1042 8 12
h 219 1042 8 11
k 259 1042 9 11
h 267 1042 8 11
h 292 1042 8 11
c 783 1042 9 11
l 96 1042 4 12
h 139 1042 8 11
V 68 1042 11 12
c 437 1043 7 9
n 458 1043 7 9
c 332 1043 7 9
a 372 1043 9 9
n 404 1043 6 9
n 310 1044 8 8
g 318 1044 9 12
o 792 1044 10 11
g 165 1044 9 12
g 246 1044 8 12
g 117 1044 9 12
n 157 1044 7 9
n 179 1044 7 9
n 206 1044 8 9
n 238 1044 7 9
C 590 1044 11 12
n 109 1044 7 10
m 804 1044 14 10
u 80 1045 6 9
h 910 1055 8 12
i 892 1056 4 12
n 928 1058 8 10
S 503 1058 10 12
g 866 1058 8 13
n 901 1058 8 10
h 398 1059 7 11
h 428 1059 8 11
i 477 1059 4 11
l 218 1060 5 11
b 236 1060 9 12
h 284 1060 9 12
u 609 1060 7 10
h 148 1060 8 12
g 561 1060 9 13
P 69 1060 9 12
h 80 1060 8 12
q 599 1060 9 12
i 88 1061 4 12
g 455 1061 8 12
s 536 1061 7 9
u 544 1061 7 9
n 553 1061 7 9
n 446 1061 8 9
a 490 1061 8 9
a 514 1061 8 9
m 523 1061 11 9
v 574 1061 8 9
a 342 1062 8 9
c 376 1062 8 9
n 416 1062 7 8
n 302 1062 8 9
n 389 1062 7 8
c 324 1062 9 9
v 354 1062 8 9
c 276 1062 8 10
g 468 1062 9 12
o 136 1062 8 10
n 166 1062 8 10
g 175 1062 9 13
n 188 1062 8 10
n 254 1062 8 10
g 263 1062 9 13
g 311 1062 9 12
g 114 1063 9 12
a 127 1063 8 9
y 206 1063 9 12
u 102 1064 7 8
i 377 1076 4 12
k 493 1076 7 12
h 501 1076 8 12
h 347 1077 9 11
i 554 1077 4 11
l 266 1077 4 13
t 454 1078 5 11
h 203 1078 9 12
c 464 1079 7 9
n 536 1079 8 9
v 561 1079 8 9
u 600 1079 9 8
h 69 1079 8 12
u 523 1079 7 9
c 390 1079 8 10
x 403 1079 7 9
x 437 1079 8 9
c 480 1079 8 9
h 172 1080 8 10
m 420 1080 11 9
m 279 1080 12 10
c 340 1080 7 9
o 356 1080 9 9
c 296 1080 8 10
v 369 1080 8 8
n 222 1080 8 10
n 164 1081 7 9
n 190 1081 8 9
g 230 1081 9 13
g 96 1082 8 12
n 125 1082 7 8
g 132 1082 9 12
n 87 1082 7 9
y 151 1082 8 12
l 881 1100 5 13
h 425 1102 10 14
B 538 1102 10 13
h 282 1103 9 14
K 270 1103 12 13
V 381 1101 11 14
n 866 1104 10 10
v 572 1104 11 11
c 418 1106 7 10
y 446 1106 9 14
n 464 1106 10 10
o 558 1106 9 9
n 402 1107 10 9
u 436 1107 9 9
M 832 1121 17 15
G 548 1124 14 15
T 386 1126 11 14
t 568 1126 7 12
h 284 1126 10 14
t 449 1126 7 13
r 888 1126 10 10
W 247 1126 17 14
n 858 1125 7 11
g 872 1126 11 15
e 882 1126 8 10
a 866 1126 8 11
r 463 1128 8 9
e 574 1128 8 10
a 560 1129 9 9
n 410 1129 10 10
r 443 1129 7 9
e 455 1129 7 9
s 308 1130 9 10
e 316 1130 9 10
a 402 1128 9 11
p 425 1128 10 17
a 262 1128 8 11
e 277 1130 7 10
u 301 1130 10 10
r 395 1128 8 10
s 419 1127 8 12
h 112 1159 12 15
k 144 1159 11 14
C 101 1160 12 14
h 122 1183 12 15
G 66 1184 12 14
t 174 1184 8 14
h 79 1185 11 14
i 88 1185 6 13
n 190 1187 11 10
v 150 1188 10 9
r 100 1188 8 10
S 99 1208 9 15
t 138 1208 7 13
i 108 1208 6 12
n 121 1211 12 10
a 130 1211 10 10
e 159 1211 9 9
g 112 1211 10 15
u 144 1212 10 9
N 112 1245 14 13
y 143 1249 11 14
g 125 1249 10 14
D 115 1267 15 15
t 136 1268 8 13
e 141 1271 9 11
a 128 1272 9 9
O 640 36 17 27
O 397 36 18 26
1 469 106 8 15
1 556 106 8 16
7 866 118 14 20
9 806 118 14 19
9 821 118 15 19
3 836 118 14 20
1 851 118 13 20
2 791 116 14 22
O 204 169 8 13
I 510 170 4 13
A 126 170 8 12
2 358 214 9 13
1 927 232 6 13
0 734 232 11 14
2 668 232 9 13
0 677 232 10 14
0 710 232 10 14
4 907 232 7 12
9 695 232 10 13
2 743 232 10 14
7 866 232 10 12
7 886 232 10 12
2 602 232 10 14
1 688 232 7 14
7 720 232 8 14
5 594 232 10 14
4 846 232 9 13
7 856 232 10 12
8 876 232 10 12
2 896 232 10 12
8 837 233 8 12
9 917 233 8 11
1 388 236 7 12
4 216 260 9 12
8 224 260 9 13
3 244 260 9 13
9 252 260 10 13
1 262 260 6 12
5 270 260 9 13
7 284 260 9 13
3 292 260 10 13
1 302 260 7 12
8 224 283 9 14
4 292 283 9 13
8 207 284 9 13
4 215 284 10 12
3 244 284 9 13
9 252 284 9 13
1 262 284 7 13
5 269 284 9 13
7 284 284 9 13
0 301 284 9 13
2 309 284 9 13
3 361 321 9 15
A 390 321 12 15
0 353 344 9 15
0 362 344 10 15
3 371 344 9 15
8 380 344 10 15
0 342 344 12 16
7 430 345 9 13
0 338 368 10 15
2 356 368 10 14
5 366 368 10 15
8 383 368 10 15
5 375 369 9 14
3 402 369 9 13
3 429 369 9 14
1 348 369 8 13
8 394 369 9 14
3 411 369 9 13
9 420 369 10 13
9 852 444 11 15
3 355 446 10 14
2 890 443 10 16
9 327 446 11 14
4 364 446 9 14
9 373 446 11 14
2 824 446 10 13
9 900 443 9 16
2 346 446 9 14
0 300 446 10 14
7 337 446 9 14
3 126 561 9 15
5 203 561 7 15
5 308 561 9 15
3 290 561 10 14
1 110 562 7 14
6 184 562 10 13
9 220 562 11 15
0 299 562 11 14
0 193 562 11 14
9 230 560 9 16
1 158 562 6 13
2 211 562 8 14
9 165 562 12 15
0 175 562 11 14
1 547 562 9 14
0 101 563 9 14
2 118 563 9 14
4 239 563 9 13
3 127 596 9 16
1 297 596 7 15
0 314 596 9 15
1 110 596 6 16
0 305 596 9 14
2 118 597 8 15
9 165 597 11 15
5 204 597 8 14
9 228 597 12 15
4 238 597 10 14
1 288 597 7 15
1 158 597 8 16
6 184 597 10 15
0 192 597 12 15
9 220 597 10 15
0 175 597 10 14
0 101 599 9 12
2 547 977 12 16
1 51 1042 6 12
2 51 1061 8 11
a 591 1078 8 9
s 583 1077 8 12
e 410 1079 9 9
s 318 1080 7 9
o 292 1108 9 9
o 293 1129 9 11
r 152 1211 8 10
) 712 35 10 33
( 510 36 11 32
. 538 39 9 25
( 518 74 8 24
/ 875 75 6 13
- 859 76 7 15
) 665 73 9 27
- 914 76 6 14
: 802 79 4 9
( 740 97 6 16
) 787 97 7 17
/ 484 106 10 16
: 764 124 4 9
( 740 141 5 16
. 768 144 5 11
) 772 139 6 19
- 347 171 5 12
- 412 195 5 12
, 377 197 5 11
. 904 201 3 9
( 109 214 9 14
) 172 214 8 14
, 502 216 6 15
, 325 219 6 11
: 190 217 6 10
- 704 233 6 13
- 728 234 6 12
, 333 242 6 10
, 395 238 5 14
) 232 258 7 17
( 138 258 5 17
( 202 259 5 16
) 166 259 7 18
: 190 264 4 9
) 232 282 6 18
: 191 288 3 9
( 201 281 6 19
M 433 320 13 16
M 339 321 12 14
M 464 321 12 15
K 542 321 11 15
y 552 323 9 15
_ 453 326 12 14
_ 369 326 13 13
_ 410 327 12 13
( 186 336 7 15
) 258 336 6 14
: 275 341 5 9
, 559 352 5 12
, 664 348 7 14
, 438 349 7 15
d 132 358 10 15
( 114 360 9 15
) 176 360 8 15
( 148 382 7 14
) 176 383 8 13
f 868 429 9 15
. 515 433 5 11
. 343 435 4 9
- 884 448 7 12
- 862 449 4 10
đ 125 484 11 14
. 136 487 4 11
/ 110 507 7 15
. 154 508 5 13
- 274 563 7 13
: 710 888 4 10
: 110 1027 4 9
. 665 1035 4 8
. 779 1042 3 11
/ 58 1042 7 12
. 475 1044 4 9
/ 58 1060 7 13
) 200 1184 6 16
( 60 1184 6 18
i 842 196 5 13
N 883 196 15 13
C 221 168 7 14
I 240 170 6 11
I 278 194 6 11
: 275 363 5 9
: 275 386 5 9
r 478 347 8 12
e 874 433 8 9
0 866 445 10 13
6 875 443 10 15
y 671 433 9 15
2 211 597 8 14
- 271 599 7 13
1 547 595 8 17
& 108 1078 11 13
r 270 1128 8 11
n 856 1058 9 10
