Ế 330 30 20 37
À 464 30 19 34
O 659 35 17 27
S 101 68 12 16
ý 770 73 10 17
ê 459 106 12 18
ố 768 115 12 16
Ố 481 167 6 19
Ồ 496 168 9 19
ế 898 168 9 16
ố 857 169 11 15
Í 519 169 5 16
Á 410 172 8 16
À 445 171 9 17
Á 321 173 7 16
Ê 359 172 8 16
à 761 173 9 13
Ệ 270 174 8 19
à 690 174 9 12
Ô 82 176 8 15
U 173 178 7 13
i 861 194 9 13
v 707 200 12 10
ề 508 214 9 16
ả 466 217 9 15
ố 368 218 10 16
đ 397 219 11 14
ờ 418 219 11 14
ư 408 220 12 12
A 143 221 14 16
d 164 221 10 16
à 282 221 8 13
i 306 221 6 14
ò 238 222 10 13
d 156 222 10 14
Đ 79 223 12 13
ỉ 128 222 5 14
ị 91 224 7 16
ố 499 238 10 15
ế 298 240 9 15
à 449 241 9 13
é 351 241 9 14
ậ 390 242 8 15
ờ 257 244 10 13
ư 247 244 11 13
Đ 80 269 12 14
ệ 99 269 8 16
ạ 146 272 9 14
á 141 345 8 13
à 182 345 10 13
ê 98 347 8 13
o 252 347 10 10
ỉ 136 368 6 13
Đ 88 369 14 13
ị 101 369 5 15
a 646 377 10 14
i 544 378 4 13
i 565 378 5 14
e 501 381 11 11
ệ 107 391 9 15
ạ 156 394 8 13
ể 888 403 10 16
ể 702 405 10 16
à 828 406 9 13
Đ 609 408 13 14
ị 656 409 6 15
ơ 622 410 10 12
ê 534 410 8 13
â 494 410 9 13
ã 460 411 8 12
à 359 412 9 13
á 318 412 8 13
ã 284 413 8 13
ẩ 175 421 9 15
ả 131 422 9 14
a 641 434 10 11
o 534 436 10 10
o 310 439 10 11
Đ 664 476 13 14
ề 880 485 10 17
ố 194 490 11 16
à 836 490 9 13
á 689 491 9 14
Đ 120 492 13 14
ố 473 492 11 17
Đ 636 493 13 13
Ơ 133 494 10 12
ơ 649 494 11 13
ư 494 496 12 12
à 336 496 9 14
ợ 504 497 11 15
ê 302 498 8 12
i 683 516 7 14
i 652 516 8 14
i 511 518 7 15
i 328 520 8 14
i 346 520 8 14
ố 727 884 13 19
đ 627 887 14 17
ó 599 888 11 16
è 506 889 11 15
ơ 640 890 12 14
ổ 137 978 11 16
ộ 179 980 10 17
ú 135 1028 9 13
ỉ 108 1030 4 11
à 263 1045 7 15
ò 135 1046 8 15
à 452 1045 10 13
í 486 1045 5 12
ó 374 1046 8 12
ó 396 1046 8 12
đ 418 1046 8 12
ô 334 1046 9 13
i 310 1046 4 12
ơ 426 1046 10 13
ô 182 1047 9 13
ậ 231 1047 9 15
ậ 947 1059 9 15
ê 864 1060 7 13
õ 823 1060 9 13
ờ 912 1060 9 13
ò 736 1061 9 13
ý 690 1061 9 16
ý 775 1061 8 15
ư 904 1061 9 11
i 725 1062 4 12
i 810 1062 4 11
đ 662 1062 8 12
i 679 1062 4 12
ằ 279 1062 9 14
ý 648 1062 9 16
ủ 366 1063 8 13
ớ 614 1063 9 12
à 470 1063 9 13
ậ 439 1064 9 14
ữ 513 1064 9 11
ọ 846 1064 8 11
ệ 399 1064 8 15
ế 127 1065 9 13
à 232 1065 9 12
à 257 1065 9 12
ứ 327 1065 9 12
ạ 670 1065 9 12
à 192 1066 9 11
ế 545 1079 9 14
ề 601 1079 8 14
ể 286 1080 9 14
ở 359 1081 9 13
á 503 1081 9 13
é 478 1082 8 12
i 410 1082 4 11
ệ 414 1082 8 15
à 304 1083 9 13
à 113 1083 9 13
à 176 1083 9 13
ậ 216 1083 8 15
à 246 1083 9 12
đ 278 1083 9 11
ơ 338 1084 9 10
a 623 1084 9 10
e 443 1084 9 10
ạ 576 1084 7 12
ể 486 1104 11 16
ả 886 1105 8 14
ả 580 1106 8 13
á 715 1106 9 14
à 757 1106 9 14
ý 915 1106 11 18
ệ 613 1108 9 15
ậ 426 1108 8 15
o 737 1132 11 11
o 326 1134 10 10
ý 188 1162 11 19
ữ 158 1164 12 12
ê 214 1186 10 14
i 124 1186 6 15
à 194 1186 10 14
õ 141 1187 11 13
ọ 168 1191 10 13
u 178 1214 11 10
à 169 1248 9 14
N 693 35 18 25
H 712 35 18 25
A 676 36 18 25
D 641 36 18 26
N 594 36 17 25
H 612 36 18 26
G 502 37 17 27
P 542 37 15 25
K 568 37 18 25
I 585 37 8 24
N 483 38 18 26
H 446 39 18 25
G 375 40 18 26
A 401 40 17 26
l 321 40 9 26
U 347 40 17 27
l 393 40 9 25
P 286 41 16 25
H 303 41 17 25
G 197 67 13 17
A 114 68 15 17
N 181 68 12 16
M 131 67 17 18
U 164 68 14 16
S 151 67 12 18
M 963 70 16 14
C 951 71 12 13
K 759 73 13 13
S 669 74 15 20
S 604 74 16 21
A 620 74 18 20
O 562 74 18 22
L 638 74 14 19
E 653 74 15 19
O 483 76 18 20
R 581 76 15 18
Y 442 77 16 19
F 548 76 14 18
E 517 76 15 20
T 500 76 16 19
N 466 77 16 19
R 425 78 16 18
E 409 78 15 19
I 385 79 7 19
D 337 79 16 20
L 371 79 14 19
V 392 79 16 20
E 354 80 15 18
l 800 93 7 15
S 764 96 10 12
i 788 97 5 11
a 794 98 7 10
r 781 98 8 10
e 774 99 7 9
C 520 107 14 17
i 453 107 6 17
L 441 109 12 17
p 547 110 13 17
y 559 110 12 17
o 535 110 12 14
n 472 112 11 12
9 826 116 13 20
6 871 116 12 20
S 759 117 9 13
0 796 118 13 20
N 765 140 15 13
o 779 144 9 9
h 883 170 11 14
S 848 170 9 14
i 892 171 6 12
h 751 172 11 14
C 507 173 7 13
I 533 173 4 12
H 544 173 7 13
M 526 173 8 12
N 537 172 7 13
H 474 174 7 12
H 490 174 8 12
H 513 174 7 12
i 724 174 5 12
T 433 174 7 12
N 452 174 8 12
H 459 174 8 12
P 468 174 6 12
N 667 174 14 13
u 906 174 10 10
p 872 174 11 14
N 417 174 7 13
h 601 175 9 13
N 397 175 7 12
C 378 175 7 13
H 424 175 8 13
H 439 175 8 13
K 589 176 12 12
G 340 176 8 13
Y 353 176 7 12
H 384 176 7 12
I 390 176 6 12
H 403 176 8 12
A 291 176 8 13
N 333 176 8 12
U 347 176 7 13
N 366 176 7 12
C 247 176 8 14
T 308 176 7 13
H 314 176 7 13
n 771 176 9 10
g 780 176 10 14
T 276 176 7 13
N 284 176 9 13
M 297 176 10 12
I 242 177 6 13
S 252 177 7 13
I 266 177 5 12
a 729 177 8 9
V 260 177 8 13
o 737 177 9 9
T 218 177 7 12
N 236 177 8 13
y 699 178 10 13
g 714 178 10 13
S 148 178 6 13
M 159 178 9 13
S 168 178 5 13
C 213 178 7 12
R 224 178 8 12
g 681 178 9 13
G 96 178 7 13
N 124 178 8 13
H 138 178 8 13
A 153 178 7 13
N 179 178 8 13
G 186 178 8 13
E 196 178 6 13
L 201 178 6 12
E 207 178 7 12
C 76 178 7 13
Y 111 178 7 13
T 120 178 6 13
H 131 178 8 13
o 610 178 10 10
N 89 179 7 12
T 105 179 7 12
N 903 193 15 14
l 856 194 8 14
D 837 194 14 14
i 703 196 6 15
D 744 196 16 13
D 678 197 13 13
l 698 197 8 13
t 765 197 7 12
A 509 198 12 12
N 520 198 12 11
C 531 198 10 11
H 540 198 12 11
l 597 198 8 13
e 850 198 9 10
r 882 198 9 9
y 888 198 11 14
o 916 198 9 9
v 866 198 10 9
C 479 198 10 12
B 493 198 8 11
R 501 198 9 12
P 588 198 11 13
H 445 199 12 11
C 456 199 11 11
M 466 199 14 12
a 757 199 10 10
e 771 199 9 10
y 729 200 11 14
L 406 200 9 11
T 414 200 9 11
D 422 200 11 10
E 354 200 10 12
N 364 200 11 12
O 389 199 10 13
e 691 200 9 10
e 716 200 9 9
r 724 200 8 9
U 334 200 11 12
Y 344 200 12 12
C 378 200 10 12
I 304 201 5 11
N 313 201 11 11
G 324 201 11 11
a 603 201 9 10
S 238 201 8 12
N 259 201 12 13
H 283 201 12 12
n 610 201 11 10
V 250 202 10 11
T 274 202 10 11
A 294 202 11 11
C 229 202 10 12
O 202 202 12 12
N 213 202 12 12
R 194 202 10 12
G 134 202 12 13
L 159 202 9 12
C 176 202 10 12
I 224 202 6 12
S 106 203 8 11
E 149 203 11 11
E 167 203 10 11
T 186 203 9 11
A 83 203 12 12
M 94 203 13 12
U 114 203 10 13
N 124 203 11 12
S 76 204 8 11
T 486 218 11 13
i 504 218 4 13
i 475 218 7 13
H 453 218 14 14
B 296 220 11 13
h 271 220 11 14
u 518 221 10 10
t 311 222 7 11
T 227 222 12 13
r 497 222 7 9
h 118 223 10 13
n 428 223 10 9
g 437 223 11 13
s 361 224 7 9
c 334 224 7 9
x 325 224 9 10
o 342 224 9 9
e 317 225 8 9
n 262 225 10 9
a 248 225 9 9
e 179 226 9 9
s 186 226 9 10
s 194 226 7 9
r 172 226 9 10
c 111 227 7 9
a 97 227 8 9
C 526 238 12 14
M 538 239 15 14
H 514 239 13 13
h 466 240 10 13
h 490 240 10 12
h 440 240 10 14
P 483 240 8 12
h 342 240 10 14
T 430 240 11 14
Q 369 241 13 17
N 320 242 14 14
h 238 243 10 14
B 289 243 10 13
P 228 244 11 12
n 457 244 10 10
n 398 245 11 9
u 381 246 9 9
g 333 246 10 14
n 306 246 10 10
n 266 247 9 9
g 275 248 9 14
0 734 261 9 13
0 711 261 9 13
S 586 264 10 13
l 190 267 6 13
h 126 268 12 15
T 171 268 12 14
i 93 269 5 13
t 122 270 6 12
e 182 272 9 10
o 137 273 9 9
n 106 273 10 10
i 155 268 5 14
F 80 294 10 13
a 90 298 8 9
x 98 298 9 9
D 944 306 13 14
N 930 306 14 14
V 918 307 12 13
c 842 308 13 14
n 886 311 10 10
y 903 311 9 15
c 896 311 7 9
u 855 312 10 10
r 865 312 7 9
r 872 312 6 8
e 878 312 8 9
C 221 344 13 14
h 130 346 12 13
h 157 346 11 13
h 172 346 11 13
t 247 346 7 11
k 122 346 10 13
T 87 346 12 14
m 260 347 14 11
e 272 348 10 9
r 280 348 8 9
u 232 348 10 10
s 240 348 8 10
n 191 349 11 9
g 201 349 11 15
c 150 350 7 9
n 107 350 10 10
M 574 354 12 15
c 564 355 10 13
H 554 355 10 13
M 527 356 11 13
K 539 356 10 13
T 516 356 10 13
h 380 356 8 14
N 506 356 10 13
l 366 357 4 14
S 414 357 11 13
C 344 357 10 14
l 363 357 4 14
o 388 360 10 10
p 370 360 8 14
n 398 360 8 10
e 407 360 9 11
e 354 361 9 10
d 172 367 10 14
h 126 368 11 13
A 151 368 15 13
v 846 373 13 14
r 180 371 8 9
e 186 371 8 9
s 194 372 7 9
s 200 372 7 9
c 119 372 7 10
a 106 372 8 9
i 618 375 5 16
c 818 374 12 13
N 858 374 12 14
Q 745 376 13 17
H 808 374 10 14
M 830 374 12 14
P 628 375 12 16
N 674 376 12 14
h 637 376 10 15
L 709 376 9 14
h 578 376 9 15
h 602 376 9 15
M 553 378 12 13
T 523 377 12 16
h 535 378 9 13
K 593 378 11 13
a 766 378 9 11
N 464 379 12 13
a 717 379 9 10
o 726 379 10 11
u 757 379 9 10
n 776 379 9 10
u 694 379 10 11
m 656 380 14 11
g 686 380 9 14
n 570 381 8 10
n 511 382 9 10
u 485 382 9 11
y 493 381 10 14
g 476 381 8 15
a 610 379 9 12
l 202 389 6 13
T 185 390 11 14
i 164 390 6 13
i 103 390 5 13
h 136 390 11 13
Đ 90 391 12 13
t 131 392 7 12
e 195 394 7 8
n 116 394 10 10
o 147 394 9 9
0 368 403 10 12
8 345 403 9 13
9 378 403 10 11
2 395 403 9 13
h 859 405 11 14
N 804 406 15 14
h 674 407 10 14
n 898 408 9 10
i 528 409 6 13
u 870 409 9 9
y 879 409 10 13
c 852 409 8 9
y 836 410 11 14
h 484 410 11 13
g 818 410 10 14
y 693 410 11 16
h 349 411 11 15
h 334 411 10 14
n 712 411 9 9
u 684 412 10 9
k 298 412 11 14
n 631 412 10 10
h 307 412 11 13
v 647 412 9 9
c 666 412 8 9
M 268 412 15 14
n 368 413 10 13
n 542 414 10 9
n 504 414 10 9
v 519 414 10 9
n 475 414 9 10
g 378 415 10 15
c 327 416 7 10
h 165 423 11 13
S 122 423 10 14
p 155 427 11 15
m 184 427 14 9
n 140 427 10 10
f 890 427 12 19
f 844 428 10 19
D 799 429 14 13
t 857 429 8 12
b 689 430 11 14
t 820 430 8 13
T 624 431 13 14
n 876 431 12 10
r 905 432 7 9
r 862 432 8 10
s 886 432 8 10
e 898 432 8 9
a 869 432 9 9
N 521 432 16 15
a 812 432 10 10
e 825 432 9 10
o 838 432 10 10
l 466 433 8 14
S 450 434 10 13
e 670 434 8 10
y 698 434 9 15
n 649 435 11 10
s 658 435 8 9
r 677 435 9 9
N 351 436 15 13
r 635 436 8 8
C 278 436 14 15
t 305 436 8 13
m 485 436 15 11
n 506 436 12 11
a 459 437 9 10
s 478 437 8 10
e 471 438 9 9
o 364 439 9 10
e 331 439 9 10
r 338 439 9 10
s 298 440 8 9
d 157 446 12 14
P 133 446 13 14
t 181 446 9 13
c 174 449 10 11
u 166 449 10 10
o 150 450 10 10
r 144 450 7 9
H 678 476 11 14
L 687 476 11 13
1 846 473 6 15
h 854 488 12 14
i 876 488 5 14
T 814 490 13 14
h 171 490 10 15
h 826 491 10 13
t 870 491 7 12
i 683 491 6 14
n 890 493 10 9
n 844 494 12 9
l 489 494 5 14
s 186 496 8 9
g 674 496 10 14
S 464 493 9 17
n 142 496 10 10
h 326 496 11 14
n 658 496 10 10
T 291 498 12 13
g 524 498 10 14
n 514 498 10 10
n 345 501 10 9
g 355 501 9 14
n 310 501 11 10
A 829 512 13 17
S 133 514 11 14
N 165 514 16 14
t 880 514 8 13
O 148 514 13 15
u 630 516 14 14
n 870 517 12 10
m 841 517 15 11
u 862 517 9 10
t 657 517 7 13
o 179 518 8 10
Q 467 518 15 19
e 696 518 8 11
t 516 519 8 14
c 688 519 9 11
t 506 520 8 12
p 666 520 12 14
r 676 520 10 10
n 643 520 10 10
D 288 520 11 14
t 341 522 8 12
y 521 522 10 14
u 480 522 11 10
n 496 522 11 10
a 489 522 9 10
s 308 524 8 10
p 331 524 12 14
o 351 524 9 10
n 359 524 10 10
r 321 525 7 9
e 300 525 8 9
c 314 525 9 9
W 385 594 16 15
W 371 594 16 15
G 360 594 11 14
E 351 594 9 14
B 272 594 9 15
P 287 594 8 14
C 331 594 10 15
S 341 594 9 14
E 262 595 9 13
O 111 596 12 15
T 159 596 12 14
P 102 597 10 13
N 150 597 10 13
W 371 630 15 14
W 386 630 16 14
E 351 630 10 14
B 272 630 9 14
C 332 630 10 14
S 341 630 9 14
E 262 630 9 14
P 287 630 8 14
G 360 630 10 14
P 103 631 9 15
T 158 631 12 15
O 111 632 12 15
N 150 630 10 16
B 271 663 10 17
E 351 663 12 16
W 369 662 17 16
S 342 664 8 14
C 331 664 11 16
W 386 664 16 14
P 287 664 10 15
G 360 664 11 14
P 103 665 9 15
O 110 665 14 16
E 263 665 9 15
N 151 666 11 14
T 160 665 10 16
1 554 697 10 16
W 370 698 16 16
P 287 700 9 14
W 386 700 16 15
G 360 700 11 14
C 332 700 10 14
S 341 700 10 14
E 352 700 9 14
B 272 701 10 13
T 159 701 13 13
0 234 701 9 14
E 262 701 10 13
P 103 702 9 12
N 151 702 10 13
O 111 702 13 14
1 555 732 10 14
W 372 733 16 15
W 386 733 17 15
G 361 733 11 15
E 352 734 10 14
B 273 734 10 14
S 342 734 10 14
E 264 734 8 14
C 332 734 11 14
P 288 734 10 14
T 160 735 12 14
N 151 735 11 13
P 104 736 11 13
O 112 736 12 14
A 684 886 16 17
T 700 886 13 16
V 669 887 16 17
h 548 887 13 17
h 588 888 12 16
K 492 888 16 16
t 542 890 7 14
s 719 891 8 12
n 651 892 13 11
a 611 892 10 11
o 570 893 12 11
m 517 893 19 11
e 560 893 10 11
T 127 980 11 14
c 172 984 8 10
g 199 984 9 13
n 190 984 8 9
n 148 984 9 10
g 157 984 9 14
l 180 1002 6 14
T 148 1002 14 14
t 167 1004 8 12
o 160 1006 8 10
a 172 1006 9 10
h 99 1029 9 12
G 87 1030 11 12
h 126 1030 9 11
c 117 1032 8 9
v 104 1041 10 23
h 499 1044 8 13
g 201 1049 7 14
i 462 1045 4 12
h 478 1045 8 12
k 318 1046 8 14
h 254 1046 8 13
k 294 1046 8 13
h 302 1046 7 13
h 326 1046 8 12
t 448 1046 5 12
h 223 1046 7 13
h 387 1046 8 13
k 166 1047 8 13
h 174 1047 8 12
v 104 1048 11 10
i 124 1048 4 11
l 132 1048 4 11
c 470 1048 8 10
n 491 1048 7 9
n 436 1048 7 10
a 405 1048 8 10
c 366 1049 7 9
g 280 1049 8 13
n 344 1049 7 9
g 352 1049 8 13
n 241 1050 7 9
n 272 1050 8 9
n 192 1050 8 10
n 214 1050 8 9
n 145 1050 7 10
g 153 1051 8 12
u 115 1051 9 9
i 921 1060 4 12
h 938 1060 8 12
h 802 1061 7 12
h 837 1061 8 11
l 732 1062 4 12
t 859 1062 5 11
i 622 1062 5 12
k 767 1062 9 12
l 687 1062 4 12
n 930 1063 8 10
n 957 1063 7 9
s 535 1063 10 12
n 873 1063 8 10
n 886 1063 8 10
g 895 1063 8 13
h 430 1064 8 11
h 461 1064 8 11
i 509 1064 4 11
r 818 1064 6 9
i 396 1064 4 12
i 158 1065 4 11
n 746 1065 8 9
u 716 1065 8 9
g 754 1065 9 13
g 792 1065 9 13
l 253 1066 4 11
h 318 1066 8 11
s 567 1066 7 9
u 640 1066 8 8
v 708 1066 8 8
i 124 1066 3 11
b 270 1066 9 11
m 555 1066 11 9
g 593 1066 8 12
q 631 1066 9 12
P 105 1066 9 11
h 116 1066 7 12
g 488 1066 8 12
g 501 1066 8 12
a 522 1066 9 10
a 546 1066 8 9
u 576 1066 7 9
n 584 1066 8 9
v 606 1066 8 9
2 86 1066 10 12
h 184 1066 8 11
c 409 1067 8 9
n 448 1067 8 9
n 480 1067 6 9
n 422 1067 7 9
c 310 1067 8 10
a 376 1067 8 9
v 388 1067 8 9
n 336 1068 8 8
c 358 1068 8 8
n 289 1068 7 9
g 344 1068 10 12
g 149 1068 9 12
g 210 1068 8 12
n 224 1068 7 9
y 241 1068 8 12
g 297 1068 9 12
a 162 1068 8 9
o 171 1068 8 9
n 202 1068 7 9
u 137 1069 7 9
k 525 1082 8 11
h 533 1082 8 11
i 541 1082 5 12
i 585 1082 4 11
h 381 1082 8 12
t 486 1083 6 11
l 300 1083 4 11
h 207 1084 8 11
h 238 1084 8 11
h 105 1084 8 11
c 496 1084 8 9
u 632 1084 8 9
u 555 1084 7 10
n 568 1084 7 9
m 452 1084 12 10
c 512 1084 8 10
v 593 1084 9 9
s 615 1084 8 9
c 330 1085 8 9
c 423 1085 8 9
x 470 1085 7 9
m 313 1085 12 9
c 373 1085 7 9
x 436 1085 8 9
n 256 1086 8 8
s 352 1086 7 8
o 390 1086 7 7
n 199 1086 7 8
n 225 1086 8 9
g 264 1086 9 12
v 402 1086 8 8
n 123 1086 7 9
g 131 1086 9 12
n 160 1086 7 9
g 168 1086 8 12
y 186 1086 8 12
Q 862 1106 14 16
l 910 1106 6 13
h 732 1106 11 13
h 747 1106 11 14
h 457 1107 12 14
K 693 1107 13 13
h 706 1107 10 13
B 570 1107 10 13
K 301 1108 17 14
V 413 1108 13 13
h 316 1108 9 13
u 876 1110 10 10
n 895 1110 9 9
c 724 1110 9 10
g 776 1110 10 14
y 478 1111 10 15
o 589 1111 11 10
v 604 1111 10 9
n 767 1111 9 9
c 450 1111 9 10
u 468 1111 11 10
n 435 1112 10 9
n 496 1112 10 8
o 324 1112 12 10
M 861 1129 17 13
h 318 1130 9 14
G 580 1130 12 14
C 705 1130 13 14
T 417 1130 13 14
t 732 1130 8 12
W 281 1130 17 14
t 599 1130 8 12
t 481 1131 8 12
n 886 1132 11 10
a 877 1132 11 11
g 900 1132 13 15
e 911 1132 9 10
r 919 1132 8 10
e 758 1133 9 10
r 766 1133 8 10
a 894 1133 10 10
a 591 1133 10 11
u 717 1133 10 10
s 725 1133 8 10
m 746 1133 14 10
e 311 1134 9 10
e 350 1134 8 10
r 474 1134 8 9
e 486 1134 10 9
r 494 1134 8 9
e 606 1134 7 10
a 296 1134 11 10
u 334 1134 10 10
r 428 1134 8 9
n 442 1134 11 9
s 452 1134 8 9
s 342 1134 8 10
r 303 1134 8 10
p 457 1134 12 16
h 148 1162 11 14
k 179 1162 11 14
C 137 1162 11 14
h 157 1186 12 14
G 100 1186 14 15
h 114 1186 11 15
t 209 1188 8 12
n 224 1190 11 11
v 184 1190 10 11
r 135 1191 8 10
i 142 1210 7 16
s 133 1211 11 14
t 172 1212 8 13
e 193 1214 9 10
n 155 1214 11 10
a 164 1214 10 10
r 186 1215 8 10
g 146 1215 11 14
N 146 1248 14 14
g 159 1253 11 14
y 177 1253 11 14
D 150 1270 13 9
t 169 1272 9 9
a 162 1273 8 7
e 175 1273 9 9
O 418 39 18 26
1 577 106 9 17
1 491 108 8 16
7 886 114 12 22
0 840 115 14 21
7 856 116 13 20
2 811 116 13 20
O 230 177 8 14
2 383 220 8 13
1 414 241 6 13
9 924 258 8 13
0 886 259 7 12
6 915 259 9 12
6 904 259 10 12
0 895 260 8 11
0 678 261 9 16
4 846 260 7 13
0 876 260 7 12
7 855 260 9 12
3 743 260 9 14
8 836 260 8 12
8 866 260 7 12
9 696 261 10 15
7 719 261 9 14
1 688 262 8 13
2 668 262 10 14
2 604 263 10 14
5 596 263 8 14
0 613 263 10 15
1 329 265 7 13
5 297 266 9 13
3 320 266 9 14
0 336 266 10 13
7 311 266 9 14
8 235 267 9 14
4 243 267 9 13
8 252 267 8 13
9 280 267 10 13
1 290 267 6 12
3 272 267 8 13
5 298 290 8 13
2 336 290 10 13
4 320 290 8 13
0 328 290 9 13
7 311 290 8 14
9 280 291 10 13
1 290 291 6 13
8 235 291 9 14
8 252 291 8 13
3 272 291 9 13
4 243 291 9 13
5 450 356 9 14
5 483 356 8 14
1 474 356 8 14
7 459 357 9 13
1 442 357 7 13
9 492 357 9 13
1 790 376 7 13
5 408 379 11 14
7 417 379 10 15
0 367 379 10 15
8 385 380 10 14
1 400 380 8 13
1 434 380 7 13
5 442 380 8 13
0 349 380 10 14
0 376 380 10 13
9 450 379 9 15
7 404 403 9 14
7 422 403 10 13
4 430 403 12 13
6 387 403 9 13
9 413 403 9 13
a 498 437 9 9
m 318 439 14 10
u 290 440 9 10
2 892 473 10 14
9 901 473 10 14
9 854 473 10 14
2 826 474 11 13
9 836 474 10 13
6 380 478 10 15
6 361 480 11 13
0 299 480 11 14
1 327 480 7 13
7 344 480 9 13
9 309 481 8 13
0 318 481 9 13
4 333 481 10 13
4 351 481 11 13
8 370 479 11 15
o 854 516 10 11
1 554 594 8 13
0 313 594 9 15
1 297 594 7 14
1 306 594 7 14
0 323 594 9 15
8 224 595 10 15
0 233 595 9 15
0 187 596 11 14
0 215 596 9 14
9 179 596 11 14
0 206 596 9 14
5 132 596 8 14
1 171 596 7 14
6 196 596 10 14
1 124 597 7 13
7 140 598 9 13
4 552 628 10 14
0 233 630 9 14
0 314 630 9 14
0 323 630 9 14
1 297 630 7 14
1 306 630 7 14
0 215 630 9 15
8 224 630 9 14
6 196 631 10 14
9 180 631 9 15
0 187 631 10 15
0 206 631 10 15
5 132 632 9 14
1 171 632 7 14
1 124 632 7 14
7 140 630 9 16
1 298 663 5 17
0 215 664 10 16
7 141 666 8 15
4 553 663 11 16
8 223 664 10 15
0 324 664 9 16
0 314 664 9 15
0 207 665 8 15
0 232 664 10 16
1 306 664 7 15
6 197 666 10 14
9 180 666 8 14
5 132 666 9 15
1 172 666 7 14
0 188 666 10 14
1 123 666 8 16
0 314 700 9 14
0 323 700 9 14
1 297 701 7 13
1 306 701 8 13
0 188 701 10 14
0 216 701 10 14
8 224 701 10 14
5 132 701 9 14
9 180 701 10 14
6 197 701 10 14
0 206 701 10 13
7 141 702 9 13
1 172 702 7 12
1 124 703 8 13
1 298 734 7 14
0 324 734 9 14
1 307 734 7 14
0 314 734 10 15
9 180 734 10 14
0 188 734 10 15
6 198 734 9 14
0 207 734 9 14
0 216 734 10 14
8 225 734 9 14
0 234 734 10 14
5 133 734 9 14
1 172 734 8 14
7 142 735 9 13
1 125 736 7 14
1 549 1007 8 13
1 559 1007 6 13
1 88 1048 5 12
& 145 1082 8 14
a 434 1134 10 9
o 467 1134 9 9
) 730 34 11 33
( 530 37 10 32
. 560 44 6 21
) 684 73 9 26
( 538 76 10 25
( 760 96 4 14
) 807 96 5 14
/ 506 106 10 18
: 784 120 4 11
( 760 140 6 17
) 792 140 6 16
. 788 142 4 12
. 924 195 4 12
e 875 198 9 9
- 436 200 6 12
, 527 220 5 14
) 200 222 8 15
( 137 222 8 16
, 350 224 6 12
: 218 226 4 8
, 420 243 6 14
, 359 243 5 14
- 728 263 6 11
- 704 264 6 12
( 230 267 6 17
) 260 267 6 17
( 166 268 6 16
) 195 268 6 16
: 218 272 4 8
) 260 291 6 17
( 230 291 6 17
: 220 296 3 9
) 286 344 8 15
( 216 344 7 15
: 304 348 4 8
, 548 357 5 15
- 430 358 6 12
- 468 358 6 12
) 207 367 7 15
d 162 367 12 14
( 146 368 8 14
: 305 370 3 8
, 798 383 4 9
, 734 382 5 10
, 623 380 5 15
- 426 382 6 12
) 206 390 8 14
( 179 390 7 16
: 306 393 3 8
- 361 406 7 8
. 542 437 4 10
. 372 436 4 13
0 868 472 10 15
- 886 476 8 11
đ 157 491 11 15
. 168 493 3 13
. 186 514 5 15
/ 142 515 8 15
- 281 597 6 13
- 281 631 6 13
- 281 668 6 11
- 282 702 6 13
- 282 736 6 12
: 740 892 4 10
: 146 1032 4 11
. 508 1048 3 10
/ 95 1047 5 13
, 784 1063 4 12
, 700 1065 4 12
/ 95 1066 5 12
) 233 1185 7 18
( 95 1186 5 18
h 786 71 10 14
l 326 176 6 13
- 373 176 4 12
, 402 202 3 10
M 444 410 16 14
8 440 401 10 15
3 448 401 10 15
0 358 380 10 14
4 353 403 9 13
f 662 429 10 21
6 876 472 10 15
- 863 475 8 11
. 399 202 3 10
