ậ 277 59 28 49
S 708 69 28 34
ồ 598 134 7 10
ố 579 134 7 11
í 626 135 4 9
à 537 135 8 11
á 497 136 7 10
ê 432 137 8 9
á 387 137 8 9
ê 325 138 7 12
a 350 140 7 8
ô 106 140 7 10
ố 602 161 6 10
à 561 162 6 9
ế 438 163 8 10
ậ 512 163 7 11
ờ 404 163 8 10
é 480 163 8 9
ả 329 164 7 10
ờ 294 164 8 10
ề 359 164 7 10
đ 278 165 9 9
ố 256 165 7 9
i 206 165 3 10
ư 396 165 8 8
à 187 166 7 10
ỉ 136 166 4 10
ò 153 166 7 10
ị 106 166 6 13
ư 286 166 8 8
Đ 96 165 11 13
ố 662 186 8 10
á 688 187 8 9
đ 700 187 7 9
ơ 707 188 8 8
ố 106 192 7 10
à 124 192 7 10
ấ 658 208 8 13
á 688 210 8 9
đ 700 210 8 9
à 625 211 7 10
ơ 708 211 7 9
à 170 215 8 10
à 114 216 8 10
u 144 218 7 8
ổ 864 237 8 10
ề 898 238 8 10
Đ 647 240 9 10
á 535 240 7 11
ố 363 242 8 11
Đ 496 242 10 9
ợ 386 242 8 13
ơ 506 243 7 9
ẩ 140 244 6 11
ư 378 244 9 9
ả 106 245 8 11
0 526 278 8 8
a 256 292 7 7
ấ 598 402 8 11
ổ 524 403 8 11
ế 568 403 7 10
ể 593 430 8 10
ậ 546 432 8 11
í 532 432 5 9
ế 632 456 8 10
ề 559 456 7 10
ớ 595 456 7 10
ổ 524 456 8 11
ư 588 459 8 8
ổ 531 544 13 18
ỉ 673 616 4 10
Đ 635 616 9 11
à 716 616 8 10
ị 644 618 3 11
á 440 618 7 10
ỉ 382 618 4 10
ị 353 619 4 12
Đ 344 619 9 10
á 174 620 7 10
a 402 621 6 7
ù 644 640 6 10
i 664 641 4 9
d 393 642 7 10
ù 354 643 6 9
ô 831 655 8 11
ổ 644 656 7 11
a 729 659 6 7
à 403 659 7 9
u 754 659 6 7
ợ 372 660 8 11
ồ 756 672 7 11
ế 792 672 8 11
ê 688 673 8 10
Đ 746 673 9 11
ệ 662 674 8 11
ố 515 674 7 11
ô 534 675 6 11
ắ 408 674 7 11
à 473 676 8 9
ờ 367 676 8 9
i 448 676 3 9
ư 360 678 7 7
ợ 440 676 7 12
á 680 690 7 10
ê 726 690 7 9
ê 473 692 7 10
ỉ 390 692 4 10
ô 353 692 7 11
á 427 692 7 11
Ệ 198 844 11 16
Ặ 163 846 10 12
Ư 116 846 11 11
ế 232 862 6 12
ể 350 861 8 14
ò 148 863 8 11
ữ 204 863 8 11
à 282 864 6 10
ê 398 865 7 13
đ 343 864 8 12
ộ 312 865 8 12
đ 560 865 6 11
ộ 333 865 8 11
i 518 865 4 10
á 421 865 7 11
i 484 863 3 12
ệ 570 865 6 12
i 566 866 4 10
à 637 866 7 10
à 667 866 7 10
á 687 866 7 10
a 536 867 7 9
ư 176 868 8 6
ự 371 868 7 8
o 596 868 7 7
u 260 868 7 7
a 462 868 6 7
a 622 868 6 7
ạ 603 868 5 9
ể 279 878 7 14
ể 299 880 7 12
ẩ 436 880 7 12
ỉ 614 881 4 11
ổ 664 881 7 12
ỗ 628 882 7 12
ê 130 882 7 10
ộ 255 882 7 12
i 500 882 4 11
ỗ 830 882 8 12
ó 232 882 7 10
đ 273 882 7 10
ậ 520 882 6 12
à 544 883 6 10
á 688 884 7 9
ớ 715 880 9 15
a 470 885 6 7
ợ 646 885 9 11
ờ 778 886 8 8
ợ 810 886 7 10
a 892 886 6 8
r 734 886 4 7
ư 770 887 8 7
ầ 252 898 7 12
ẩ 390 898 6 12
ằ 291 897 7 13
ệ 176 900 6 11
i 338 900 5 9
ẩ 694 900 7 11
đ 107 900 8 9
à 275 900 7 9
à 332 900 6 10
ã 616 898 7 13
á 151 900 7 9
d 522 900 8 10
i 350 900 4 10
ê 354 900 6 10
é 442 900 6 10
ô 483 901 7 9
á 506 901 7 11
i 567 901 3 9
á 587 901 7 10
ư 115 902 7 8
ợ 121 898 7 14
ạ 225 902 7 10
o 326 903 6 7
ụ 529 904 8 8
a 636 904 7 7
ả 664 899 8 12
ế 382 916 6 11
ể 234 916 7 11
ể 294 916 7 11
ỗ 481 916 8 12
ấ 570 916 7 13
ậ 328 918 5 11
i 457 918 5 10
à 212 918 6 9
á 356 918 6 9
ỗ 705 918 7 11
ổ 741 917 7 12
á 409 918 6 9
á 439 918 5 10
ả 541 916 7 13
ẽ 657 918 8 11
á 601 919 6 9
à 630 919 7 9
à 526 919 6 9
đ 667 919 7 9
i 748 919 4 11
o 134 920 6 7
ờ 270 914 7 14
ừ 248 915 8 13
đ 735 920 6 9
á 765 919 7 11
ư 674 922 8 6
ợ 682 922 8 9
ợ 724 921 8 10
i 800 921 4 10
ớ 792 916 10 14
ề 374 934 7 10
i 306 934 4 10
â 170 934 7 10
à 219 934 7 10
i 357 935 5 10
ầ 722 935 8 12
i 640 936 4 10
i 398 936 4 9
ô 445 936 7 10
ô 546 936 6 10
ớ 349 932 9 14
ệ 401 936 7 10
ê 490 936 5 10
á 573 936 7 10
i 620 936 4 10
ô 691 937 7 9
á 660 937 8 9
u 142 938 7 6
a 249 936 8 9
ạ 299 937 7 9
ó 781 938 7 10
o 326 938 6 6
ớ 753 934 9 14
é 808 938 7 10
ư 746 940 8 7
ế 116 949 8 12
ỉ 277 950 4 11
ỗ 189 950 7 12
ễ 322 951 6 11
i 349 951 3 11
à 240 952 7 9
á 146 952 7 9
ổ 412 952 8 10
à 210 952 8 10
à 301 952 7 9
i 397 952 4 10
i 165 953 5 8
à 443 953 7 10
ấ 724 952 7 12
à 553 953 7 10
ể 789 953 7 12
ò 360 949 6 13
ă 469 954 7 8
đ 436 954 8 9
ó 494 954 8 9
á 524 954 6 9
ế 840 954 7 12
ọ 390 955 7 10
í 754 955 5 10
ọ 811 957 7 10
ấ 120 967 7 12
ể 185 967 6 12
ố 307 966 8 15
í 150 968 4 10
đ 178 969 7 11
i 242 969 4 9
á 269 969 5 10
ọ 207 972 7 10
ự 290 972 8 10
ì 176 984 4 12
ủ 360 985 7 11
ấ 529 986 7 12
ộ 260 987 8 11
ú 318 987 7 9
ô 382 987 6 10
à 229 985 8 11
ộ 281 988 7 10
à 295 988 7 9
đ 472 988 8 10
á 563 988 7 10
à 479 988 7 10
â 616 988 6 10
ê 643 988 6 10
ơ 144 988 8 8
ư 136 989 8 7
â 679 989 7 10
ê 706 989 7 11
ô 736 989 7 11
á 869 990 7 10
u 207 990 7 6
đ 760 990 7 9
é 804 990 7 10
ạ 586 990 6 10
ợ 338 990 8 9
a 427 990 7 8
ư 767 992 8 7
ẩ 163 1002 7 12
ì 266 1002 6 12
ả 133 1002 7 14
ì 319 1003 5 12
ế 390 1003 8 13
á 112 1004 8 10
à 296 1004 7 11
ẽ 590 1004 7 12
â 458 1005 7 10
ê 521 1005 6 10
i 544 1005 4 11
á 435 1006 7 9
â 494 1006 7 9
i 518 1006 4 9
đ 353 1006 8 9
í 361 1006 3 9
ị 605 1005 7 13
ậ 641 1006 6 12
o 192 1006 6 8
i 712 1006 4 10
ơ 236 1007 7 7
ư 228 1007 8 7
ỷ 620 1002 7 16
ợ 414 1008 8 10
ạ 564 1009 7 9
Ả 114 1026 11 13
Ẩ 154 1025 11 14
O 173 1045 13 12
S 393 1047 8 11
e 380 1049 6 9
e 538 1052 6 6
ờ 130 1066 7 13
i 441 1069 5 10
ờ 419 1065 8 16
i 722 1071 4 10
ờ 699 1067 9 14
ậ 756 1072 6 9
à 778 1072 7 9
ư 123 1072 7 6
ư 413 1072 8 8
ậ 737 1086 6 15
ờ 709 1090 9 9
ư 702 1091 8 8
ý 698 1108 9 15
õ 749 1108 8 14
ê 780 1111 6 10
i 738 1111 3 10
i 133 63 7 39
A 736 68 25 34
G 890 68 24 31
N 858 69 28 30
h 250 61 26 38
S 802 71 25 29
U 832 71 22 29
n 175 72 26 28
n 310 72 26 28
M 762 70 37 30
n 220 72 25 27
B 100 64 28 39
ê 144 61 28 41
h 654 134 7 10
M 633 135 10 9
i 643 135 3 9
c 609 135 9 9
h 618 135 8 9
h 553 136 7 10
H 590 136 8 8
i 475 136 3 10
P 564 136 8 10
T 522 137 8 9
n 647 137 6 7
C 460 137 7 9
h 490 137 7 9
h 512 137 7 9
h 531 137 7 9
h 572 137 6 8
i 394 138 4 8
h 468 138 7 8
N 402 138 8 9
i 322 138 3 10
T 372 138 8 9
h 380 138 7 9
l 251 138 3 10
i 293 138 4 10
N 341 138 7 9
n 546 138 6 8
V 313 139 9 9
t 332 139 4 8
n 504 139 7 7
E 244 140 7 8
t 268 140 6 8
y 426 140 7 9
n 482 140 7 6
S 185 140 7 9
g 410 140 7 9
u 418 140 7 6
n 440 140 7 6
H 172 140 9 9
m 357 140 11 7
C 97 140 9 10
T 146 140 9 10
N 154 140 9 9
H 163 140 9 9
c 262 140 6 8
c 297 140 6 8
s 304 140 5 8
t 132 140 5 10
e 255 140 7 9
r 274 140 4 8
o 278 140 7 8
g 232 141 8 10
n 286 141 7 7
s 212 141 5 8
a 192 142 7 7
m 200 142 12 7
u 218 142 6 6
n 226 142 6 6
n 114 142 6 8
g 121 142 7 10
y 136 143 7 9
h 553 162 7 9
h 576 162 6 10
P 587 162 6 10
C 621 162 9 9
H 613 162 8 9
M 630 162 9 9
T 545 162 8 10
Q 495 163 9 10
i 356 163 3 10
N 457 163 8 9
i 336 164 4 9
h 474 164 6 9
B 430 164 7 9
h 594 164 6 8
n 568 164 6 7
h 390 164 6 9
u 505 164 7 8
T 343 164 8 10
P 382 164 7 9
H 320 165 8 9
n 520 165 6 7
n 446 165 6 8
n 412 166 6 7
g 466 166 6 9
g 418 166 8 10
h 180 166 7 9
t 209 166 5 9
r 351 166 5 7
u 366 166 8 7
T 146 166 8 10
B 198 166 7 9
g 308 166 8 10
h 128 167 7 9
n 302 167 7 7
e 214 168 7 6
c 228 168 6 6
o 234 168 8 6
s 250 168 6 6
x 221 168 7 7
n 172 168 6 7
a 161 168 6 8
a 110 169 7 7
c 120 167 8 9
9 808 186 7 9
0 903 186 8 9
0 895 186 9 8
1 801 186 6 9
V 782 186 10 10
N 792 187 8 9
h 674 188 6 9
s 655 188 8 9
o 681 189 7 7
n 715 190 7 6
V 164 192 8 10
h 117 193 7 9
N 172 193 8 8
s 98 193 8 10
n 132 194 6 8
g 138 194 8 10
0 842 208 8 9
9 904 208 6 10
h 674 210 7 9
N 608 212 10 8
t 665 212 6 8
o 681 213 7 7
n 715 213 8 6
u 651 213 7 7
g 618 213 7 9
y 632 213 8 10
x 644 213 6 7
0 246 215 8 10
h 163 216 7 8
N 98 216 9 10
n 178 218 6 6
g 185 218 7 9
a 152 218 6 7
g 107 218 7 9
y 122 218 7 9
m 134 218 9 7
t 890 238 5 9
i 895 238 4 8
T 856 238 8 9
G 768 239 10 10
T 778 239 7 9
g 878 239 9 11
B 657 240 8 10
G 752 240 8 9
T 762 238 5 11
n 906 240 7 8
T 631 240 11 11
n 871 240 8 7
I 642 240 6 10
i 531 241 5 10
s 357 243 7 10
n 513 244 7 7
g 524 244 8 9
l 374 242 5 11
n 392 244 8 8
g 400 244 8 10
h 132 245 7 10
s 98 246 8 10
m 147 247 12 9
n 114 248 7 7
p 124 248 8 10
0 887 274 5 8
7 857 274 6 8
₫ 896 274 6 8
9 873 274 7 9
2 880 274 6 9
2 840 274 6 9
1 864 274 4 8
2 727 276 7 8
2 734 276 6 8
4 740 276 7 8
2 757 276 6 8
0 764 276 7 8
0 650 276 6 8
0 534 277 6 9
2 487 278 6 8
2 520 278 6 8
1 378 278 8 10
2 497 278 6 8
l 253 290 3 9
A 280 290 11 10
G 236 290 9 10
y 271 292 7 10
x 264 292 7 7
x 226 292 7 8
a 246 292 7 7
G 292 314 9 10
H 302 314 8 10
G 233 315 9 9
H 242 315 9 9
1 215 316 6 9
z 311 316 5 7
z 251 317 8 7
G 293 340 9 10
X 302 341 10 9
G 269 341 8 9
X 310 341 9 9
A 236 341 10 9
Z 277 340 8 10
K 286 340 7 10
V 318 342 9 8
M 222 342 9 8
S 215 342 7 9
9 892 400 6 10
0 905 400 7 10
h 557 404 7 10
i 564 404 4 9
h 590 404 8 9
t 575 404 5 9
k 584 404 6 9
T 516 405 8 8
u 606 406 6 7
n 532 406 7 7
g 538 406 8 10
c 550 405 7 9
0 905 428 8 10
h 572 432 6 8
h 525 432 7 9
P 518 432 6 8
n 601 433 7 7
n 554 434 6 6
c 565 434 6 6
y 586 434 8 9
u 579 434 6 6
v 539 434 7 7
0 906 456 6 9
2 892 456 7 10
0 899 456 7 9
h 616 457 8 10
i 556 458 3 9
T 518 458 7 9
t 577 458 5 9
t 551 459 5 8
r 582 459 5 7
t 612 459 7 9
c 602 459 6 8
u 624 459 8 8
n 567 460 6 7
n 532 460 7 7
g 540 460 7 10
₫ 916 480 5 9
0 906 481 8 9
T 517 484 7 11
B 542 485 8 9
Đ 532 483 9 11
₫ 916 507 6 9
7 892 508 8 9
2 870 508 6 8
2 876 508 7 9
4 882 508 7 10
2 900 508 6 8
0 906 508 7 8
T 544 511 8 9
G 518 511 9 10
G 535 511 9 10
T 528 512 7 8
n 544 550 11 11
g 557 550 11 15
i 687 617 3 9
h 709 617 7 9
h 666 617 6 9
g 732 618 8 11
a 690 619 8 7
o 698 619 6 7
n 724 619 7 7
h 394 619 7 9
g 679 619 8 10
h 416 619 7 9
t 427 619 5 9
a 648 620 6 6
h 375 620 7 8
t 389 620 5 8
T 121 621 7 9
h 150 621 8 9
a 357 621 6 7
n 410 621 6 7
o 432 621 7 7
n 447 621 7 7
c 368 621 7 8
t 161 622 6 8
o 167 622 6 8
h 129 622 6 8
n 181 622 7 8
a 136 623 6 7
n 143 623 7 7
k 658 640 7 10
d 684 640 6 10
i 650 641 4 9
B 635 641 8 9
m 669 642 10 8
u 692 642 6 8
n 700 642 6 8
g 706 642 7 10
i 374 643 3 9
i 360 643 3 9
B 345 644 7 9
k 368 644 6 9
g 416 644 6 10
N 121 644 9 10
m 378 644 10 8
u 401 645 6 7
n 408 645 7 7
p 137 646 7 10
a 145 646 7 8
s 152 646 6 8
a 130 646 8 8
c 823 656 8 10
S 721 657 7 9
K 796 657 8 9
C 635 657 9 9
N 670 658 8 8
g 846 658 7 11
h 803 654 8 12
n 839 658 7 8
s 747 658 7 8
u 812 658 6 8
n 762 658 6 8
m 737 659 10 7
g 769 659 7 10
a 679 659 7 9
n 652 660 6 6
g 658 660 8 10
m 687 659 11 8
H 364 660 8 9
h 419 660 6 8
h 396 660 7 8
t 391 660 5 9
p 379 661 9 10
n 411 661 7 7
i 789 673 3 9
h 727 674 7 9
N 636 674 7 9
T 782 674 7 9
h 652 674 6 9
i 659 674 3 9
n 720 674 7 9
Y 681 674 9 9
h 352 676 7 8
h 466 676 7 8
S 526 676 7 9
n 763 676 6 6
g 770 676 8 9
n 800 676 7 7
P 344 676 8 9
T 459 676 7 9
h 489 676 6 9
h 507 676 7 9
n 697 676 6 7
p 670 676 8 9
h 401 676 6 9
L 434 676 6 9
g 644 676 7 10
T 393 676 7 10
g 548 677 7 10
n 541 677 7 8
n 482 678 6 7
P 500 678 7 10
n 374 678 7 7
g 382 678 7 10
n 416 678 6 7
g 423 678 7 10
ỉ 644 689 4 11
T 635 690 8 10
h 654 690 6 10
T 663 690 10 9
i 687 691 3 9
N 694 691 9 9
h 672 688 7 12
n 734 692 6 7
h 420 692 7 11
g 703 693 7 8
C 345 693 8 9
T 412 692 8 10
i 434 693 4 9
n 647 693 5 7
u 712 693 6 7
y 718 693 8 9
N 442 693 8 9
T 382 691 8 11
h 401 690 7 12
g 451 694 7 10
u 459 694 6 8
n 479 694 9 8
n 394 694 6 8
y 465 694 8 10
n 361 695 7 7
g 368 695 7 9
8 383 709 8 9
8 398 709 8 10
9 413 709 7 10
1 390 710 8 8
Ý 139 842 11 15
L 108 847 8 9
U 126 847 10 10
Đ 152 847 11 10
C 172 847 9 9
B 185 848 9 8
I 194 848 4 8
T 207 848 8 8
i 138 864 3 10
v 121 864 10 10
l 144 864 5 10
i 200 864 4 10
i 320 864 3 10
l 172 865 4 9
h 222 865 7 9
b 327 865 7 9
h 387 865 8 9
i 394 865 5 9
d 414 865 8 10
i 610 865 3 9
i 229 865 3 9
h 276 865 7 9
h 364 865 7 9
h 512 865 7 10
h 590 865 7 11
h 494 863 8 12
k 504 866 8 10
h 660 866 8 9
m 249 867 10 8
t 360 865 4 10
t 437 867 5 8
n 156 868 7 6
g 549 868 7 10
t 586 868 4 8
u 131 868 7 6
u 184 868 6 6
p 215 868 7 8
u 238 868 7 6
a 266 868 6 6
n 288 868 8 6
g 296 868 7 9
n 306 868 6 6
c 378 868 6 6
n 404 868 7 6
m 448 868 10 8
m 526 868 10 7
g 162 868 6 9
g 194 868 6 9
n 428 868 6 7
n 467 868 7 8
n 477 868 7 7
n 543 868 6 7
n 576 868 6 7
m 677 868 10 8
r 616 868 7 7
n 653 868 7 8
y 693 868 7 10
v 631 868 7 8
o 644 868 6 7
i 365 882 3 10
N 121 882 10 10
l 214 882 4 9
k 289 882 7 10
h 164 882 7 10
b 225 882 8 10
h 248 883 8 9
h 429 883 7 10
k 486 883 8 10
S 570 883 6 10
t 320 884 4 8
h 493 884 7 8
h 513 884 8 9
h 537 884 7 9
h 577 884 7 9
h 606 884 8 9
h 621 884 7 9
i 723 884 4 10
đ 656 884 8 9
i 671 884 4 9
l 826 884 5 10
h 801 884 9 10
i 871 884 4 10
t 174 884 4 8
i 296 884 4 8
i 837 884 4 10
c 158 885 6 7
e 178 885 6 7
n 137 885 7 7
r 147 885 5 7
ạ 152 884 6 9
i 182 885 4 7
m 184 885 9 7
c 240 885 4 7
g 344 885 8 9
s 401 885 5 7
n 412 885 8 7
p 423 885 7 10
t 730 885 4 8
s 198 886 4 6
a 209 886 6 6
p 262 886 7 8
m 306 886 10 6
r 323 886 5 6
n 337 886 7 6
q 372 886 6 8
u 378 886 7 6
a 385 886 6 6
n 391 886 7 6
ả 406 879 7 14
m 443 886 9 6
g 556 886 7 9
e 202 886 7 6
a 328 886 6 6
o 351 886 7 6
n 456 886 7 6
g 464 886 6 8
n 550 886 6 7
p 591 885 7 11
t 761 886 7 9
g 792 886 7 10
n 526 886 8 7
c 601 886 6 7
y 476 886 8 9
n 506 886 8 7
o 584 886 7 7
m 677 886 11 7
m 704 886 11 8
o 858 886 7 8
r 642 886 4 7
n 745 886 7 7
g 752 886 7 10
ạ 865 886 5 10
y 694 887 8 9
r 765 885 7 9
n 785 887 7 7
p 816 887 8 10
n 844 887 8 7
g 852 887 6 11
q 878 887 7 11
u 885 888 7 7
n 898 888 7 6
h 376 900 7 10
h 145 900 7 9
h 166 900 6 9
h 412 900 7 10
i 172 900 4 10
i 232 900 3 10
k 554 901 6 10
t 222 901 2 8
h 435 901 8 10
K 466 901 10 10
h 476 901 7 9
h 560 901 7 9
h 600 901 6 10
k 574 901 7 9
h 581 902 7 8
k 729 902 7 10
h 762 902 7 10
c 128 902 7 8
h 688 902 7 9
h 736 902 6 10
p 138 902 6 10
n 181 902 7 8
g 198 902 7 10
q 238 902 7 10
i 750 902 3 10
n 192 903 6 6
y 210 903 8 9
u 245 903 7 7
y 258 903 7 9
n 285 903 6 7
m 298 903 10 7
c 370 903 6 7
v 269 903 7 7
n 312 903 7 7
u 383 903 6 7
c 406 903 6 7
n 490 903 6 7
g 543 903 7 11
u 360 903 6 7
n 396 903 6 7
g 318 901 8 12
p 428 904 7 9
g 497 904 6 10
n 537 904 6 7
p 448 904 8 9
p 513 904 7 9
c 594 904 6 7
m 626 904 11 8
n 643 904 7 7
g 649 904 7 9
p 681 904 7 10
m 701 904 10 8
s 660 904 5 8
r 714 904 6 8
s 757 904 5 8
n 671 905 7 6
p 776 905 6 9
T 121 918 8 8
k 228 918 7 9
i 277 918 4 9
đ 284 918 8 9
h 322 918 6 9
h 263 918 7 9
h 432 919 6 9
h 468 919 7 9
l 478 919 3 9
h 519 919 7 9
h 613 919 7 9
g 205 919 7 10
t 244 919 6 8
k 587 919 7 9
h 594 919 7 9
r 129 920 5 6
n 140 920 7 6
h 623 920 7 8
h 698 920 7 9
n 171 920 7 6
g 178 920 7 9
n 198 920 7 7
i 291 920 4 7
i 489 920 3 8
g 148 920 7 9
v 157 920 8 6
ò 165 914 7 13
t 445 920 4 8
y 218 920 6 9
n 315 920 7 7
t 577 919 4 10
m 300 920 12 8
n 335 921 7 6
m 345 921 10 6
n 376 921 6 7
m 399 921 9 7
t 716 921 3 8
h 811 921 7 9
u 388 921 7 6
s 452 921 5 7
n 462 921 6 7
n 513 921 6 7
t 858 921 4 10
y 362 921 6 9
y 415 921 7 9
p 425 921 7 9
h 877 921 7 10
s 535 922 6 6
n 547 922 7 6
x 557 922 7 6
u 564 921 6 7
c 607 922 6 6
n 636 922 7 6
g 643 922 7 9
s 652 922 6 6
c 689 922 6 7
r 719 922 5 7
t 808 922 3 8
m 755 923 10 7
y 772 923 7 9
m 782 923 10 7
o 824 924 7 6
u 840 924 8 6
n 870 924 7 7
q 834 924 7 9
y 848 924 6 10
e 818 924 6 6
r 862 924 6 6
T 129 935 9 9
h 232 935 8 9
b 190 935 7 9
h 213 935 7 9
S 242 935 7 9
k 390 935 8 9
i 371 936 4 8
t 166 936 4 8
h 438 936 8 9
h 586 936 7 10
d 364 936 7 8
k 532 936 8 10
h 538 936 8 10
c 107 937 6 8
m 176 937 10 7
ủ 112 930 8 14
a 120 937 6 7
n 226 937 6 7
m 256 937 11 7
s 268 937 4 7
t 296 937 4 7
h 318 933 8 11
r 138 938 4 6
n 148 936 8 9
g 156 936 6 10
ả 195 932 8 13
u 273 938 6 6
n 279 938 7 6
s 313 938 5 6
t 596 938 4 8
k 677 938 7 9
h 684 938 8 8
o 203 936 6 8
p 332 938 8 9
g 286 938 7 9
v 343 938 7 6
u 381 938 7 6
n 408 938 5 6
v 422 938 6 7
n 462 938 7 7
n 496 938 6 8
ẹ 512 938 6 8
n 518 938 7 8
r 569 938 5 8
t 715 938 5 9
p 452 938 8 10
g 469 938 7 10
u 476 938 7 8
y 482 938 8 10
v 506 938 6 8
n 552 938 7 8
g 559 938 7 10
m 606 938 10 8
e 634 938 6 8
c 580 939 6 8
m 624 939 10 7
m 650 939 10 7
y 666 940 8 9
n 698 940 6 6
g 705 940 8 9
r 718 940 5 7
c 761 940 6 8
x 740 940 7 7
m 770 940 10 7
y 729 940 7 10
m 798 940 10 8
o 815 940 6 9
p 788 941 6 9
N 107 952 9 9
l 186 952 4 9
i 196 952 4 9
h 140 952 7 9
h 176 952 6 9
h 270 952 7 9
l 355 953 3 9
T 404 952 9 12
h 462 954 7 8
h 517 954 7 8
k 510 954 7 8
h 546 954 7 9
h 536 954 7 8
S 576 954 7 8
p 132 954 8 9
n 256 954 8 7
g 294 954 8 10
i 449 954 4 8
u 123 954 6 7
s 160 954 5 7
n 169 954 7 7
n 226 954 7 8
g 233 954 7 10
g 263 954 7 9
0 650 954 6 9
v 204 955 6 6
o 216 955 8 6
n 288 955 7 7
0 642 955 8 8
h 747 955 8 9
y 246 955 8 9
y 307 954 8 10
g 373 955 7 9
g 383 955 7 9
h 717 955 7 9
u 342 955 6 7
v 334 956 8 6
n 366 956 8 6
n 419 956 7 6
đ 782 956 8 9
g 426 956 7 9
c 456 956 6 7
i 837 956 3 9
m 475 956 11 6
s 489 956 5 6
c 501 956 6 6
a 583 956 7 7
n 612 956 7 7
c 530 956 6 7
n 559 956 7 7
g 566 956 6 9
s 600 956 6 7
u 606 956 6 7
g 618 956 8 10
h 804 956 8 9
T 828 956 9 10
i 874 956 3 10
m 589 956 11 8
V 864 956 10 9
n 710 957 8 7
n 730 957 7 7
m 758 958 12 7
t 884 958 3 9
p 740 958 7 9
c 799 958 5 7
n 818 959 7 6
n 846 959 8 7
g 853 960 7 9
h 114 968 5 12
h 144 970 6 9
h 200 970 7 9
l 238 970 4 9
b 262 970 7 10
n 107 972 7 7
m 155 972 9 7
o 224 972 6 8
n 126 972 8 7
p 136 972 8 9
n 231 972 7 7
c 194 972 6 7
n 214 972 7 7
o 274 972 7 8
s 285 972 5 8
n 246 973 7 7
e 253 973 6 7
c 301 973 7 7
h 129 987 8 9
h 187 987 7 9
h 224 987 5 9
c 120 987 9 9
i 268 987 4 9
l 334 987 5 10
b 274 988 8 8
l 292 988 4 8
h 311 988 8 9
i 346 988 4 9
b 579 988 7 10
t 168 988 4 9
S 420 988 6 10
h 492 988 7 10
h 508 988 7 10
t 405 989 5 8
h 609 989 7 9
i 639 989 4 9
N 662 989 10 10
n 150 989 8 7
h 672 989 7 10
h 729 989 7 10
r 172 990 4 6
n 180 990 7 6
m 197 990 10 6
a 214 990 7 6
k 722 990 8 9
i 855 990 5 10
b 862 990 7 10
g 157 990 7 9
n 236 990 8 6
n 254 990 6 6
t 525 990 4 8
i 702 990 4 10
h 798 990 7 10
g 243 990 7 9
p 304 990 8 9
c 325 990 5 6
c 353 990 7 7
n 388 990 8 8
c 376 990 6 7
g 396 990 7 10
s 444 990 5 8
m 434 991 9 7
n 456 991 7 7
i 895 989 5 11
y 409 991 7 9
u 449 991 7 7
g 462 991 8 10
c 502 991 6 7
o 515 991 7 7
c 558 991 5 7
n 486 991 6 7
c 570 991 6 7
n 649 991 6 7
c 543 992 5 6
n 592 992 7 6
n 602 992 7 6
n 622 992 7 6
v 632 992 8 6
n 685 992 7 7
v 696 992 6 7
n 743 992 7 7
g 750 992 7 10
ợ 774 992 8 10
n 712 992 7 7
c 782 992 5 8
p 791 992 7 10
p 811 992 7 10
m 822 992 9 8
ạ 888 992 7 10
n 875 993 7 7
u 832 993 8 7
a 838 993 7 7
h 156 1004 8 10
h 221 1004 7 10
h 279 1006 7 8
k 380 1006 8 9
i 387 1006 4 9
l 411 1006 4 9
t 183 1006 5 9
h 370 1006 8 9
i 422 1006 4 9
h 451 1006 8 9
h 488 1006 6 9
b 599 1006 8 10
t 259 1006 5 9
N 478 1006 10 10
h 558 1006 7 10
s 128 1006 5 8
k 613 1006 7 10
c 106 1007 7 7
c 119 1007 6 7
n 140 1007 6 7
r 187 1007 5 7
g 205 1007 7 10
h 658 1007 7 9
h 722 1007 8 9
m 170 1007 10 8
n 198 1007 7 7
p 149 1007 7 9
c 215 1007 6 8
g 250 1007 6 10
n 272 1008 6 7
m 397 1008 11 7
m 326 1008 11 7
c 344 1008 6 7
n 243 1008 6 6
n 290 1008 6 7
v 313 1008 6 7
c 364 1008 6 7
c 429 1008 6 8
t 653 1008 5 8
y 302 1008 6 9
n 464 1008 7 7
p 552 1008 6 10
ụ 336 1007 8 11
n 444 1009 8 6
n 527 1009 7 6
m 571 1008 10 7
t 647 1009 4 7
n 501 1009 7 6
v 510 1009 6 7
s 584 1009 6 7
u 635 1009 6 7
q 681 1009 7 9
v 538 1009 6 7
u 688 1009 7 7
y 694 1010 8 9
n 716 1010 7 6
S 106 1030 8 10
N 124 1030 10 9
H 144 1030 10 9
M 164 1030 12 10
P 136 1030 8 9
1 229 1046 5 11
D 164 1047 10 10
d 374 1048 6 9
M 401 1048 12 10
P 311 1048 8 9
5 440 1048 7 10
G 447 1048 10 11
C 357 1048 9 10
1 428 1049 5 9
G 475 1049 10 9
X 485 1049 9 9
V 504 1049 10 9
K 466 1049 8 9
X 495 1049 9 9
i 544 1049 4 9
1 634 1049 4 9
I 522 1050 4 8
t 350 1050 4 8
r 319 1050 4 7
c 344 1050 6 8
o 324 1050 5 7
u 337 1050 7 8
o 366 1051 8 7
m 526 1051 11 9
: 546 1051 7 7
i 138 1068 4 10
N 106 1069 10 9
i 427 1070 5 10
t 144 1070 5 9
N 396 1070 10 10
o 154 1071 8 7
i 708 1071 4 9
g 116 1072 7 9
ạ 148 1072 7 9
T 685 1070 10 11
h 693 1072 8 9
h 749 1072 7 9
h 772 1072 7 9
8 896 1072 6 10
g 406 1073 7 9
g 434 1073 7 9
o 451 1073 7 7
a 444 1072 7 8
g 715 1074 7 10
n 732 1074 6 7
a 726 1074 6 7
n 742 1074 6 7
n 762 1074 7 7
n 785 1074 7 7
g 792 1075 7 9
i 717 1088 4 12
N 685 1089 10 10
h 731 1089 6 9
G 758 1090 11 9
I 782 1090 3 9
d 786 1090 8 9
g 695 1092 7 9
n 744 1092 6 7
n 724 1092 7 7
e 768 1092 6 7
n 774 1092 7 7
K 690 1112 9 9
h 730 1112 8 9
h 759 1112 7 9
t 777 1112 3 8
r 745 1114 4 7
g 724 1114 7 9
ọ 767 1114 6 9
n 787 1114 6 7
1 532 163 5 9
2 268 165 6 9
6 823 186 7 9
3 838 186 8 9
3 858 186 7 9
4 866 186 6 8
1 874 186 6 9
0 880 186 8 8
8 888 186 7 8
2 831 186 7 9
1 850 186 7 8
0 816 186 7 9
0 284 191 8 10
0 261 192 7 9
0 276 192 8 9
6 204 192 7 9
2 212 192 6 9
4 246 192 8 9
8 269 192 7 9
0 196 192 7 9
3 219 192 7 9
1 231 192 7 9
3 238 192 7 9
1 254 192 6 9
1 182 192 5 9
9 188 192 8 9
0 862 208 7 10
0 888 208 8 10
8 850 209 7 9
7 870 209 6 9
2 881 209 7 9
1 896 209 6 9
9 262 215 6 8
2 238 215 8 9
0 200 216 8 9
8 208 216 7 8
0 220 216 7 8
7 227 216 7 8
1 255 216 5 8
4 849 274 7 9
7 750 275 6 9
7 510 278 6 8
4 504 278 6 8
0 298 290 8 9
1 215 291 6 9
1 290 289 7 11
3 277 314 7 10
8 324 314 8 10
6 226 315 6 9
5 285 315 7 8
1 266 315 6 9
5 261 341 7 9
1 246 342 6 8
0 253 342 7 8
6 868 401 6 9
1 876 401 4 9
7 882 401 6 9
8 899 401 5 9
4 876 456 6 9
7 882 456 6 9
2 869 456 6 9
2 860 457 6 8
1 860 544 8 14
9 877 544 11 15
2 888 544 11 14
2 820 544 10 15
7 848 544 12 14
4 836 545 12 14
0 900 544 11 15
1 777 657 7 9
2 701 657 8 9
2 344 660 8 8
B 353 659 7 10
B 707 674 8 9
0 345 710 7 8
9 353 710 7 8
0 360 710 8 8
2 368 710 6 8
6 406 710 6 8
1 376 710 6 8
1 109 864 5 10
2 107 883 8 9
t 638 885 4 9
ạ 357 885 8 10
o 739 886 5 8
t 158 901 4 8
t 346 902 4 8
a 205 901 5 8
o 418 903 7 7
a 720 904 6 8
ỏ 743 898 7 15
o 769 904 6 8
3 108 918 5 8
7 188 918 7 8
t 258 916 5 12
o 503 921 6 7
ỏ 428 931 8 14
t 152 953 4 8
8 636 954 6 9
8 684 954 6 9
1 630 954 5 10
5 660 955 6 8
8 667 955 7 9
8 673 955 7 8
8 690 955 7 8
9 697 955 7 9
1 774 956 4 9
6 168 969 6 10
4 106 987 8 9
t 535 990 5 8
l 885 990 5 10
a 366 990 6 8
ả 548 985 7 13
l 630 1006 5 10
o 671 1009 7 8
8 190 1046 7 11
4 197 1047 8 10
7 206 1047 6 10
9 213 1047 7 10
3 243 1047 7 10
4 220 1047 8 10
3 236 1047 6 11
4 250 1047 9 11
2 259 1048 7 10
0 434 1049 6 9
Z 457 1048 7 11
5 619 1049 6 9
3 552 1049 5 9
5 578 1049 6 9
0 646 1049 7 9
5 558 1049 6 9
5 565 1049 6 9
8 572 1049 6 9
3 585 1049 6 9
8 612 1049 7 9
1 592 1049 5 10
0 598 1050 7 8
7 606 1050 6 9
9 626 1050 7 9
6 640 1050 6 9
0 806 1072 6 9
7 830 1072 7 9
1 873 1072 5 9
8 813 1072 7 10
0 824 1072 4 9
2 840 1072 8 10
0 847 1072 7 10
1 856 1072 5 10
9 861 1073 7 9
8 878 1073 7 9
4 889 1073 7 9
8 814 1090 6 9
1 801 1090 5 9
4 806 1090 7 9
3 821 1090 6 9
2 827 1090 7 9
2 840 1090 8 9
4 834 1090 7 9
7 848 1090 7 9
- 451 138 5 10
, 488 163 3 9
, 538 164 4 9
, 374 166 3 9
, 242 168 4 9
: 140 169 2 7
- 846 186 4 10
: 723 189 3 7
- 226 192 5 10
# 154 193 9 9
: 147 195 3 7
/ 876 209 5 10
/ 856 209 6 10
: 723 213 3 6
/ 215 216 5 10
/ 234 216 5 8
: 194 218 2 6
₫ 660 275 6 8
₫ 774 275 6 7
₫ 544 277 5 8
. 274 316 3 8
, 316 317 5 8
, 258 318 4 7
- 233 342 3 9
₫ 915 400 6 8
₫ 916 428 4 8
₫ 915 456 6 9
₫ 915 543 11 13
. 872 546 4 13
. 832 548 4 11
c 659 618 5 9
- 788 659 5 7
- 712 660 5 6
- 738 675 5 9
, 452 678 4 8
, 376 694 3 9
. 114 865 4 10
. 700 866 4 10
e 442 868 5 7
. 563 884 3 10
. 114 885 4 7
, 218 885 4 9
( 462 901 4 11
đ 610 902 7 10
. 456 902 3 10
) 783 903 5 11
. 114 918 4 9
d 496 919 7 10
, 368 920 4 9
, 580 921 4 9
: 415 938 3 8
, 525 938 4 10
e 600 938 6 8
, 644 939 4 10
. 822 941 2 7
l 318 952 3 10
, 328 954 3 10
, 281 954 4 10
, 704 957 3 9
ệ 877 957 7 11
, 887 959 4 10
. 314 974 4 7
đ 848 990 7 10
. 656 991 3 8
đ 706 1006 6 12
. 730 1007 3 11
. 471 1007 4 9
e 665 1009 6 7
d 330 1048 7 10
A 416 1049 10 8
- 154 1049 6 9
( 517 1050 5 11
) 653 1050 4 12
: 187 1050 2 7
- 302 1050 6 7
: 387 1051 2 7
- 412 1051 5 7
/ 837 1072 5 9
/ 820 1072 4 9
: 799 1074 3 7
: 886 1075 2 7
) 855 1090 5 11
( 753 1090 5 11
: 793 1092 3 7
( 684 1112 6 11
) 794 1112 4 11
ì 866 918 4 13
& 710 1110 10 11
. 113 989 4 9
n 488 868 7 7
ì 716 673 5 11
r 263 1007 5 7
. 747 277 3 7
. 869 276 3 7
. 889 403 3 7
. 888 458 3 7
T 525 484 7 11
. 889 510 3 7
. 222 318 4 7
T 517 547 15 16
