A 766 117 123 129
O 1389 122 124 135
O 1127 120 127 131
I 2048 127 41 133
Ầ 456 312 73 93
Ầ 2000 321 72 95
Ì 2222 322 31 90
Ỹ 2545 328 67 91
Ì 2700 328 33 91
Đ 197 334 69 75
Đ 2634 345 69 76
Đ 198 446 71 71
à 398 712 43 72
ờ 293 716 47 68
ờ 2045 710 45 73
à 271 832 41 70
Đ 2026 941 61 69
Đ 278 943 42 74
â 473 1059 39 70
Ế 1528 1281 56 100
Í 1876 1291 29 92
ổ 2679 1514 49 77
ẩ 717 1520 51 82
ề 2881 1516 45 73
á 2064 1524 45 71
ả 509 1525 45 85
Đ 1834 1533 52 69
ơ 1886 1541 47 57
ồ 1016 1643 51 76
ố 1405 1643 52 76
é 512 1645 40 72
ó 748 1647 49 70
á 909 1647 43 70
ớ 1205 1647 54 72
ư 1159 1664 50 57
i 567 1762 26 76
à 779 1876 45 72
é 519 1878 43 70
á 876 1878 45 69
ể 1263 1988 52 80
â 941 1998 42 70
é 522 2000 41 71
ậ 578 2116 44 94
ổ 313 2343 48 79
ề 528 2341 43 81
ả 340 2462 46 78
ự 483 2476 60 79
ẵ 2016 2778 40 86
á 1374 2798 38 71
ì 1640 2798 24 69
ồ 1772 2788 44 81
ă 885 2815 42 75
ơ 1255 2816 47 60
ằ 290 2817 43 85
í 734 2821 25 69
ư 1207 2821 52 57
ữ 540 2826 55 71
á 1845 3117 45 76
ơ 1445 3143 60 55
ẹ 1419 3264 60 70
ạ 1744 3251 48 70
S 654 112 103 134
P 895 122 105 122
P 1015 122 102 127
S 1571 124 112 132
U 1690 126 108 131
R 1268 127 120 119
S 1810 127 110 132
C 2144 129 112 130
U 2372 131 114 136
H 1928 133 110 120
L 2271 137 97 122
B 2498 137 109 122
G 598 332 73 75
T 400 332 57 75
N 531 333 59 72
D 840 333 65 74
O 905 333 74 74
L 984 333 56 70
L 1043 333 55 69
C 273 334 61 73
P 1099 334 55 71
l 1228 334 24 71
A 1464 334 69 73
H 1164 336 57 67
N 1257 336 59 71
P 1350 336 55 71
L 1412 336 54 69
Z 1531 336 64 73
A 1593 336 71 74
T 1876 340 57 70
N 2072 341 57 71
B 2164 343 60 73
R 1939 344 63 66
N 2257 345 53 69
H 2321 345 57 69
M 2471 345 70 74
N 2736 348 55 71
H 2800 350 57 69
N 3012 352 55 70
H 2947 352 54 71
T 273 441 59 76
G 1972 714 49 67
G 220 717 46 68
i 2022 707 23 76
i 271 711 20 79
v 356 729 42 54
o 441 729 44 54
r 2110 729 30 54
a 2143 729 37 55
P 479 826 50 69
l 1972 826 25 69
V 400 829 53 68
l 453 829 23 66
S 2797 834 44 69
B 222 836 45 69
K 2847 836 48 67
n 2000 841 36 54
n 316 850 37 50
S 2227 939 44 73
l 2343 940 21 71
B 2083 939 47 73
H 1978 943 48 69
S 2176 943 46 71
V 2293 942 47 69
P 2371 943 45 69
H 222 947 50 69
k 607 1053 41 75
h 267 1064 42 74
t 688 1064 31 64
T 219 1067 47 69
o 722 1076 44 56
a 771 1076 39 53
n 817 1076 36 52
e 647 1078 39 51
n 381 1079 38 54
g 424 1079 43 73
n 519 1079 38 50
u 316 1081 36 52
l 1507 1307 22 72
M 1748 1309 59 72
N 1902 1309 50 70
H 1955 1309 50 70
Ạ 1691 1310 57 83
P 1400 1309 50 69
H 1452 1309 54 70
T 1645 1308 50 76
U 1579 1311 50 70
T 1830 1304 46 82
i 2041 1522 25 73
C 2376 1524 50 69
K 2428 1524 50 67
T 2633 1524 48 69
T 297 1528 51 70
h 671 1529 45 76
t 2833 1529 32 66
S 252 1531 50 71
T 345 1526 49 76
S 1609 1533 46 69
L 1656 1533 43 67
S 457 1536 52 67
n 2933 1541 38 50
n 2728 1543 39 50
g 2771 1545 45 71
g 1997 1547 43 74
n 1934 1549 39 51
p 624 1550 47 71
m 769 1550 62 55
n 554 1551 46 51
0 2284 1641 44 71
h 976 1643 41 76
i 1067 1645 23 71
S 460 1648 50 71
t 556 1651 32 66
t 1450 1657 31 64
m 681 1662 66 59
n 800 1666 40 53
c 868 1666 42 56
n 1114 1666 39 55
n 1256 1666 42 54
S 1367 1667 36 52
g 1300 1669 41 72
t 460 1771 37 67
r 543 1781 26 53
e 495 1781 41 55
S 467 1878 52 70
t 560 1888 33 65
r 850 1895 28 53
n 924 1897 40 51
g 733 1898 46 71
0 2288 1982 44 64
0 2198 1980 39 74
k 1050 1995 43 76
k 1205 1995 39 74
k 690 1997 44 74
h 733 1997 41 74
h 1091 1992 42 77
S 471 2000 51 71
i 869 1993 22 76
t 909 2003 31 64
t 564 2005 34 64
o 1137 2015 41 53
y 984 2016 45 68
o 780 2017 42 49
u 1310 2017 39 49
a 827 2017 39 49
h 533 2110 41 74
N 474 2117 54 71
t 623 2124 30 63
b 1083 2219 41 74
l 1126 2221 24 72
l 614 2221 21 82
B 476 2233 50 69
i 526 2228 24 75
o 1015 2239 41 56
c 1259 2239 41 54
a 1300 2239 39 54
r 988 2241 22 52
u 1152 2241 38 52
e 1197 2241 37 52
p 1343 2237 41 79
n 685 2244 44 56
o 937 2244 43 51
a 798 2245 38 53
p 841 2245 45 74
p 890 2245 44 72
o 637 2246 43 56
s 755 2247 40 51
a 549 2249 44 53
0 3040 2314 37 70
0 2993 2313 42 71
0 3083 2312 41 72
i 505 2344 21 77
T 263 2354 47 70
t 476 2357 33 67
n 578 2367 39 54
n 361 2368 44 56
g 407 2369 46 71
h 436 2464 47 74
T 262 2471 48 70
t 403 2471 35 65
c 537 2483 43 58
r 310 2486 31 52
D 368 2586 54 73
U 264 2588 53 71
S 316 2587 53 71
h 1971 2783 43 76
h 1597 2793 41 76
i 1298 2799 27 78
b 1022 2803 45 76
c 1931 2805 38 55
n 2059 2805 41 58
t 1343 2810 28 66
n 1820 2810 43 53
g 1864 2810 47 73
h 688 2812 41 83
n 1664 2816 41 51
m 1421 2817 58 55
n 1505 2817 44 54
h 495 2819 39 76
g 1552 2819 45 67
t 822 2820 32 68
C 634 2821 49 70
m 1138 2824 62 57
a 1071 2827 39 56
B 238 2829 46 68
m 934 2831 63 53
r 859 2833 22 53
n 757 2833 42 60
c 452 2845 39 53
n 336 2847 40 51
g 381 2847 41 69
h 1935 3117 48 73
k 1744 3122 48 70
C 1226 3134 71 71
c 1893 3139 41 52
q 1576 3146 45 71
u 1625 3144 51 51
n 1498 3147 57 51
l 1712 3233 43 72
i 1789 3234 35 72
H 1344 3244 88 73
p 1631 3254 61 80
g 1536 3255 62 77
1 705 331 35 72
2 1747 340 48 69
8 1798 340 49 69
1 554 437 34 73
5 603 440 49 70
5 657 440 48 70
3 709 440 50 70
0 762 440 50 70
2 816 440 50 70
6 869 440 50 70
0 391 441 50 73
9 441 441 56 71
4 495 441 53 69
1 1263 705 32 73
0 578 707 42 73
3 868 707 42 71
3 1029 707 44 71
3 1146 707 42 71
3 1215 707 39 69
2 1098 709 45 69
1 629 710 30 68
0 915 710 46 70
1 985 710 35 68
2 531 712 43 71
9 671 712 46 69
0 746 712 42 66
7 793 707 45 72
2 2222 714 47 69
1 2320 715 31 70
0 2269 716 43 67
9 2361 717 44 71
0 2434 717 39 68
7 2478 717 42 68
3 2549 717 41 68
0 2595 717 37 68
1 2661 717 32 71
4 2702 717 44 68
0 2769 721 41 69
0 2814 721 41 69
3 2922 724 41 69
5 2879 726 42 67
3 574 826 50 69
1 2086 826 28 67
0 529 828 47 69
0 2934 836 42 67
5 865 936 45 72
3 2469 940 36 70
0 3006 948 40 69
7 600 936 46 75
0 2579 939 39 72
0 553 939 51 69
0 412 943 46 67
0 2416 936 51 76
9 2669 940 40 70
0 768 939 47 71
2 362 940 54 70
2 2524 940 54 70
0 2717 944 37 68
3 2805 941 36 71
0 2913 946 44 72
9 507 940 44 69
1 2629 943 28 69
0 2962 946 38 71
7 2762 945 38 69
0 2848 945 45 69
3 3048 945 42 71
0 2978 1629 42 71
0 3069 1631 40 69
9 2869 1633 43 69
5 2916 1633 41 67
0 3022 1633 42 69
4 2821 1634 48 69
9 2088 1639 41 73
0 2197 1640 39 72
0 2240 1640 43 72
9 2131 1643 43 71
1 254 1646 34 74
5 1749 1646 39 71
4 607 1647 50 70
0 3028 1857 43 74
9 2924 1859 35 74
0 2983 1859 41 70
0 3076 1855 40 71
9 2876 1861 41 71
0 2241 1866 42 72
0 2286 1867 42 70
9 2133 1869 41 73
9 2088 1874 41 67
1 1766 1876 37 71
0 664 1878 45 70
1 617 1880 37 71
2 255 1881 50 71
9 2878 1968 42 73
9 2924 1971 39 70
0 2986 1972 42 69
0 3031 1972 43 69
0 3076 1976 41 68
0 2243 1980 42 67
9 2134 1984 44 69
9 2090 1986 41 67
1 1767 1988 38 67
3 260 1998 47 71
9 620 2000 46 76
0 3078 2198 42 70
5 2929 2200 39 68
0 2990 2200 42 68
0 3034 2200 42 68
2 2836 2205 42 67
4 2881 2205 43 67
5 2140 2209 39 69
0 2247 2209 43 69
0 2291 2209 45 69
3 2091 2210 42 68
0 2202 2210 41 69
7 1752 2211 41 73
4 264 2233 48 70
8 2929 2315 41 73
3 2883 2315 42 72
9 2839 2313 38 78
0 3085 2424 42 71
8 2929 2426 43 69
0 3040 2426 44 71
3 2883 2429 41 73
0 2993 2429 47 69
9 2837 2431 43 67
4 3039 2541 44 71
5 3084 2539 44 77
0 593 2578 44 73
0 686 2578 50 74
0 640 2579 48 73
2 473 2583 49 69
1 526 2586 33 69
- 1690 347 31 70
- 778 349 37 58
- 2410 353 31 78
: 347 348 18 59
- 2885 361 32 68
: 341 460 16 54
- 717 717 26 61
- 840 719 26 55
: 1081 724 16 55
: 1193 726 19 52
- 2522 726 26 64
- 2403 729 28 55
: 493 731 14 52
: 2186 731 16 53
: 2750 740 17 50
: 2045 841 14 54
: 362 850 16 50
. 2276 951 13 59
. 747 986 19 24
: 2138 955 14 55
: 566 1079 17 52
( 2476 1522 31 94
% 2505 1522 61 68
) 2562 1522 28 92
, 2959 1650 17 66
, 2174 1662 21 66
, 2962 1881 22 63
, 2966 1991 20 64
, 2178 2003 19 64
, 2971 2219 17 64
, 2183 2226 17 65
, 2972 2341 19 61
, 2972 2447 21 70
) 731 2574 35 98
( 441 2583 38 100
, 563 2590 30 83
. 2127 2808 14 55
/ 2145 2789 29 80
: 593 2845 16 53
! 1988 3117 36 76
! 1821 3233 34 72
: 2859 737 16 53
: 2897 851 13 50
: 324 956 23 60
1 462 940 33 71
3 651 937 45 73
0 698 940 47 69
1 817 937 33 71
. 2513 954 13 59
. 2896 959 13 59
i 2866 1520 16 73
0 2195 1868 41 72
, 2176 1891 21 66
i 1243 1993 18 75
đ 1726 2786 44 81
. 2182 2807 14 55
á 1298 3129 42 75
m 1344 3149 76 55
ý 1667 3121 54 94
h 1792 3118 48 70
ặ 1593 3238 51 87
n 1467 3262 57 51
