à 1682 186 20 31
à 1658 238 21 32
ố 1657 296 21 39
ố 1657 369 20 37
e 1741 382 22 25
ố 1656 439 21 38
á 1741 444 21 33
Ó 1080 470 47 60
Ế 940 476 40 57
Đ 1036 486 46 46
Ị 1441 493 19 57
ố 1100 565 25 42
ã 282 690 29 36
ị 274 762 14 44
Đ 242 763 34 34
ầ 770 770 25 42
ê 659 772 27 34
ấ 877 772 27 41
ộ 1067 778 27 43
à 999 779 24 35
á 291 863 29 34
à 405 867 26 34
ở 1857 880 30 41
ờ 1772 889 31 35
â 374 937 28 35
ó 1841 960 30 37
đ 1815 962 29 37
ờ 1772 964 30 35
ê 254 992 28 35
à 348 995 28 34
ổ 2077 1005 30 46
Đ 1325 1020 32 37
á 1856 1022 28 36
Đ 1705 1025 36 36
ơ 1739 1032 34 27
ư 320 1068 26 24
Ơ 347 1068 29 24
è 390 1125 25 32
è 475 1125 24 33
i 632 1130 12 33
è 472 1188 24 33
i 629 1191 13 33
i 373 1313 12 31
ừ 467 1316 29 31
ư 319 1320 27 24
Ơ 345 1320 30 25
ọ 1343 1344 24 31
ă 254 1374 24 33
ạ 321 1383 25 31
á 1340 1398 22 33
ề 233 1431 33 44
à 331 1443 32 33
Đ 2132 1472 40 37
ề 229 1497 25 46
ế 360 1501 31 44
Đ 2138 1542 37 39
á 502 1585 27 37
Đ 2141 1615 37 40
ằ 546 1649 29 45
á 453 1656 30 37
Đ 2144 1686 36 40
ả 245 1768 28 43
á 419 1775 32 39
á 529 1777 31 39
â 1015 1786 27 39
ụ 1417 1804 24 36
á 1935 1804 29 39
ụ 1511 1805 26 36
à 2064 1809 28 39
ứ 195 2465 32 36
ễ 751 2463 24 41
ể 998 2468 25 40
í 846 2472 15 32
ử 1128 2474 32 35
đ 1050 2475 29 32
ể 1287 2476 24 40
ậ 1328 2484 25 40
ụ 1185 2486 21 34
ề 1761 2492 23 40
ư 1405 2493 27 26
ã 1584 2494 22 32
ư 1506 2498 27 26
ặ 1646 2498 24 39
ệ 1845 2501 23 41
à 1970 2505 23 33
ợ 1907 2511 27 32
ó 140 2515 27 33
ấ 169 2556 28 40
đ 291 2565 32 33
à 382 2565 25 34
ó 236 2566 26 32
ú 853 2570 22 35
a 646 2575 21 26
ấ 167 2606 21 40
ó 330 2614 25 32
đ 385 2615 30 32
á 506 2615 24 33
á 723 2617 22 35
ấ 1117 2617 23 40
à 816 2621 23 33
ô 932 2622 20 34
ô 1199 2627 24 34
ê 1336 2634 21 32
đ 1399 2636 28 34
ỉ 1502 2638 15 35
ế 1706 2643 22 40
ố 1618 2639 21 39
ã 1565 2642 22 35
N 1632 184 26 31
g 1660 191 20 31
y 1704 191 22 30
B 2108 205 29 30
B 1632 238 25 30
n 1680 246 20 23
B 2107 272 31 31
s 1631 303 24 32
O 1690 303 31 32
d 1734 303 24 30
r 1781 306 16 24
e 1758 308 22 24
r 1725 310 11 23
8 2068 352 24 31
8 2092 352 22 31
9 2045 355 23 31
k 1785 372 23 31
S 1631 376 24 32
C 1692 376 26 31
h 1721 376 19 31
c 1765 381 21 25
3 2139 419 24 32
h 1784 442 21 33
S 1630 446 24 33
K 1690 446 28 33
h 1719 448 19 29
c 1763 452 21 23
G 1170 480 44 48
N 1128 480 41 48
P 842 485 37 46
H 882 485 39 46
G 1231 485 45 47
l 925 486 14 47
U 982 489 38 42
l 1279 489 14 45
A 1294 489 42 43
O 1335 489 47 45
D 1401 491 40 45
C 1459 493 41 45
H 1505 496 36 43
i 1166 566 9 38
B 1137 569 27 36
S 1071 573 28 34
5 1259 576 23 34
C 251 626 31 35
G 446 631 33 36
t 405 632 18 33
O 482 632 33 36
G 516 632 34 35
I 552 633 11 33
H 576 634 32 34
O 608 634 36 35
o 283 635 24 27
U 644 635 31 35
s 676 636 30 35
n 308 637 24 25
c 333 637 25 26
e 356 637 25 26
E 709 638 27 33
p 381 640 27 34
M 247 690 36 36
N 323 692 31 33
H 355 693 31 33
G 564 695 35 38
G 598 695 37 36
O 530 696 33 35
H 465 697 30 32
N 497 697 30 32
l 1860 710 14 34
T 1805 711 32 35
e 1835 719 25 25
h 348 765 26 33
T 495 769 32 33
Y 626 770 36 36
a 286 772 24 24
c 324 773 25 27
i 1985 774 14 34
g 589 775 27 36
C 737 775 33 35
G 832 775 36 37
n 2141 775 24 29
u 541 776 23 26
v 2114 776 27 28
r 526 777 16 25
n 566 777 24 26
i 868 777 11 36
i 1091 777 15 36
m 2065 777 36 30
H 966 778 33 37
N 1036 779 32 35
n 687 780 21 27
c 2011 780 24 28
o 2036 781 26 26
g 1959 784 27 36
u 796 785 24 26
o 1934 786 28 29
y 902 787 25 35
g 1906 787 27 36
b 1742 788 25 36
w 1668 789 47 36
w 1858 789 37 27
w 1791 793 37 28
e 1716 798 23 26
K 237 861 34 35
h 267 861 26 34
h 341 861 27 38
h 380 867 26 33
c 319 873 23 25
0 2140 873 28 37
n 432 875 24 26
g 455 875 27 36
i 1761 889 11 36
G 1726 890 33 35
m 1818 893 36 31
T 235 931 24 38
h 260 933 23 36
C 619 943 33 36
u 285 944 23 25
n 323 945 26 25
g 347 945 28 33
n 400 946 25 26
T 742 949 28 34
i 881 952 12 35
h 772 953 22 32
o 653 954 24 26
n 679 954 22 26
g 704 954 24 35
L 859 954 23 33
h 919 954 22 34
u 798 960 22 25
y 820 961 26 36
n 894 962 22 26
i 1761 964 11 34
G 1726 965 34 35
n 1870 968 24 29
g 1895 968 28 35
T 225 991 32 36
h 322 994 28 34
n 282 1001 26 27
n 377 1004 26 26
g 402 1005 30 34
T 2045 1015 32 36
i 1844 1022 13 35
g 2135 1022 30 37
V 1357 1023 33 34
n 2108 1023 27 27
T 1386 1024 33 35
S 1577 1025 32 35
L 1624 1026 27 33
g 1813 1031 30 37
n 1773 1032 26 27
B 226 1059 25 32
T 292 1059 30 33
i 373 1060 12 32
z 394 1063 29 30
k 479 1064 22 30
a 260 1067 23 23
a 422 1070 22 23
m 444 1070 33 24
y 497 1070 27 32
0 2121 1081 22 34
0 2143 1082 26 33
y 1334 1094 22 31
C 221 1121 30 34
b 308 1125 23 31
X 363 1125 30 31
X 446 1125 30 33
P 533 1128 30 32
o 250 1129 23 25
m 275 1129 31 27
o 331 1131 21 25
o 414 1132 23 24
o 499 1134 21 25
r 563 1135 14 25
K 783 1137 28 33
m 599 1138 32 25
u 644 1140 21 24
m 667 1141 32 24
0 2122 1145 22 33
0 2144 1145 26 33
S 1324 1149 25 33
t 1373 1152 12 30
0 1825 1152 23 32
e 1351 1158 21 24
c 216 1183 31 34
b 304 1187 24 31
x 360 1187 30 32
x 443 1188 32 33
P 531 1190 30 33
o 246 1192 24 25
m 272 1192 31 26
o 327 1193 22 25
o 411 1194 24 27
o 495 1196 24 25
r 560 1198 15 25
m 596 1199 34 26
K 780 1200 30 31
u 641 1202 22 23
m 664 1202 34 25
T 819 1202 25 31
E 844 1202 27 31
0 2145 1209 25 33
0 2122 1210 24 31
S 1322 1212 27 31
0 1872 1213 25 33
t 1371 1214 14 30
e 1349 1220 23 24
F 213 1247 26 31
t 281 1249 17 31
O 331 1249 32 33
C 479 1252 31 31
a 238 1255 24 24
n 262 1255 22 24
r 364 1258 15 23
l 674 1258 8 30
n 401 1259 21 23
g 420 1259 23 31
e 444 1259 25 23
a 510 1261 22 24
n 533 1261 22 23
m 638 1265 32 23
l 1321 1273 10 32
0 2123 1275 24 32
0 2146 1275 25 32
0 1825 1276 23 32
o 1331 1280 22 26
n 1355 1282 20 24
K 209 1309 30 33
t 303 1313 19 30
D 437 1315 32 31
B 545 1317 27 32
m 260 1318 34 25
F 573 1318 26 33
v 394 1322 23 23
e 236 1318 24 26
a 494 1324 24 24
L 1322 1336 21 32
K 204 1373 31 33
h 231 1374 24 32
l 313 1375 11 33
h 370 1375 22 33
G 404 1376 30 34
i 482 1377 11 35
n 279 1382 21 25
n 346 1384 22 25
o 436 1385 23 26
g 458 1384 24 36
i 1363 1399 11 32
0 1849 1404 26 33
0 2122 1406 24 32
0 2145 1406 25 32
c 1320 1407 21 23
T 191 1439 35 36
i 223 1439 13 34
h 304 1442 30 34
n 264 1449 27 26
n 361 1452 28 24
g 386 1452 33 34
V 2064 1473 38 36
N 2100 1475 34 33
T 185 1506 36 38
h 309 1509 26 34
t 293 1510 15 32
n 256 1515 25 27
u 335 1517 26 28
V 2069 1541 38 35
N 2106 1541 32 35
T 182 1578 33 39
h 330 1582 29 36
h 415 1583 30 39
ổ 211 1570 29 47
n 240 1587 30 30
g 269 1589 29 38
n 384 1591 32 30
t 457 1584 19 38
a 356 1592 30 28
n 528 1595 31 28
V 2073 1614 38 38
N 2109 1615 32 36
T 267 1653 27 34
h 371 1654 32 37
b 519 1658 30 36
a 317 1662 29 29
n 342 1662 33 30
S 827 1662 32 39
V 779 1663 39 37
A 855 1663 38 37
o 426 1664 29 28
n 479 1666 29 26
n 572 1666 31 30
g 598 1669 30 37
V 2075 1685 38 39
N 2112 1687 33 36
Q 178 1772 42 39
l 317 1774 17 37
G 369 1775 41 38
t 557 1779 21 36
u 218 1781 27 30
n 275 1782 27 29
T 856 1784 33 38
h 887 1785 29 38
m 445 1786 47 29
s 503 1787 31 28
P 1355 1793 29 38
h 1386 1793 27 37
u 918 1795 25 28
n 961 1796 24 28
g 987 1797 28 37
n 1045 1798 24 27
K 1873 1801 35 39
h 1907 1803 28 37
c 1445 1804 24 28
v 1482 1805 28 28
h 1992 1808 28 37
h 2035 1809 29 36
c 1965 1815 25 30
n 2094 1818 26 30
g 2123 1819 28 39
T 135 2465 26 31
d 276 2467 26 31
G 455 2467 32 33
T 378 2468 29 31
l 506 2468 15 30
S 590 2469 29 33
h 824 2472 25 32
g 241 2473 29 34
e 421 2473 24 27
g 339 2474 29 33
h 936 2474 24 31
e 537 2475 22 25
n 558 2475 20 24
p 614 2476 25 33
o 637 2476 23 26
o 659 2476 21 27
d 1163 2476 24 34
n 679 2477 23 25
m 710 2477 34 27
n 772 2478 22 25
p 801 2479 27 34
v 869 2480 22 25
u 959 2481 22 26
n 1020 2481 20 26
s 1112 2481 20 27
y 977 2482 24 33
n 1204 2486 21 25
h 1381 2486 24 32
g 1225 2488 22 32
n 1350 2492 22 24
i 1604 2493 13 31
n 1452 2495 21 26
g 1472 2496 24 32
u 1531 2499 20 25
l 1898 2502 12 33
t 1825 2503 15 33
c 1669 2504 20 26
h 2023 2506 23 33
q 1698 2505 25 32
u 1722 2507 20 24
y 1740 2508 25 32
n 1783 2508 20 24
n 1867 2510 19 25
h 2086 2511 22 31
v 1952 2514 21 24
h 118 2515 25 32
h 239 2515 26 33
n 2002 2515 21 24
a 2045 2515 21 25
n 2066 2516 20 24
t 306 2517 16 32
i 338 2517 15 31
h 379 2517 26 30
t 403 2516 14 30
t 284 2518 16 30
h 489 2517 26 32
d 585 2519 27 31
n 163 2522 23 25
g 183 2523 28 33
n 218 2523 23 25
e 514 2523 21 26
p 423 2524 28 34
o 556 2524 22 27
g 532 2525 26 34
e 608 2525 21 26
n 627 2525 23 26
p 666 2525 27 34
o 691 2526 22 27
o 712 2526 22 27
n 733 2527 21 25
c 839 2528 22 27
o 859 2528 21 27
m 879 2528 32 27
v 924 2530 19 26
X 117 2563 38 35
h 214 2565 24 32
h 445 2564 22 35
h 499 2567 22 31
k 698 2569 22 33
h 832 2571 19 33
a 260 2572 21 25
u 149 2573 25 24
n 338 2573 24 25
n 477 2573 23 25
n 531 2573 23 25
k 758 2570 22 34
t 799 2573 15 30
d 984 2573 28 34
g 551 2574 26 33
h 1034 2574 24 32
a 575 2575 22 25
y 593 2575 27 33
s 625 2575 22 26
u 668 2575 21 26
c 874 2579 22 27
a 933 2578 22 28
o 955 2579 21 27
g 902 2580 25 34
c 1016 2580 21 26
x 113 2611 36 36
h 307 2615 25 30
h 484 2615 21 33
h 547 2615 24 32
l 579 2616 15 32
k 619 2617 24 35
k 681 2617 20 34
n 210 2621 26 25
n 431 2621 24 25
h 794 2621 24 32
g 230 2622 28 32
a 255 2622 23 24
y 275 2622 27 33
a 353 2622 22 24
k 889 2622 23 33
c 744 2625 22 27
n 837 2627 23 26
h 1180 2625 19 34
g 857 2628 26 34
g 972 2628 25 35
c 1006 2628 20 28
g 1066 2628 25 34
n 953 2629 21 25
u 1024 2629 22 26
n 1045 2629 24 26
c 1099 2629 21 27
p 1136 2630 25 32
t 1273 2632 14 31
t 1326 2634 12 32
n 1221 2635 20 26
g 1240 2636 25 34
h 1480 2638 24 33
n 1292 2639 22 25
n 1356 2641 21 27
c 1463 2644 20 29
a 1430 2644 24 27
m 1532 2648 33 27
h 1661 2649 23 30
s 1598 2652 20 24
u 1683 2657 21 24
7 2137 146 22 31
2 2113 147 23 30
1 2081 152 14 28
2 2055 155 22 29
9 1995 161 23 30
1 1975 162 13 31
0 1948 163 22 36
2 1925 165 24 34
7 1890 168 24 32
0 1867 171 27 33
2 1811 175 21 31
5 1834 175 22 30
4 2135 202 27 32
4 2136 269 27 34
5 2115 345 23 37
1 2139 345 20 34
1 2023 354 18 32
5 1233 576 25 34
8 2138 693 29 37
0 412 694 28 35
9 2112 694 29 37
2 436 695 30 34
8 2085 696 28 35
9 2059 697 27 35
0 633 699 28 34
1 661 699 18 33
0 685 699 26 38
4 2030 700 30 33
6 2004 701 27 34
7 1978 703 27 33
3 1951 704 28 34
4 1924 705 28 33
0 1899 706 26 36
1 411 767 18 34
2 432 768 26 33
1 2049 873 16 38
3 2114 873 27 37
9 2073 874 27 36
2 2112 950 28 37
1 2075 952 17 36
7 2140 952 27 35
2 2046 954 26 35
0 2095 1080 25 33
0 2059 1082 24 33
5 2035 1085 24 32
0 1872 1086 24 35
0 1848 1087 25 33
0 1825 1089 23 32
2 1766 1090 21 33
5 1789 1090 22 33
2 1615 1092 22 33
9 737 1135 22 33
2 713 1136 22 31
9 761 1137 21 32
0 2097 1145 23 34
8 2015 1146 21 33
9 2037 1147 24 31
7 2062 1147 21 31
0 1872 1149 24 33
0 1848 1150 24 32
9 1766 1154 23 33
3 1616 1152 22 32
2 1743 1154 21 32
9 1789 1155 24 32
9 734 1197 23 34
2 711 1198 22 29
9 757 1198 21 34
9 2037 1210 25 32
9 2062 1210 24 34
0 2097 1210 26 32
9 1766 1213 23 33
9 1789 1213 24 33
0 1848 1213 25 32
1 1619 1214 12 31
0 1825 1214 23 31
3 592 1255 21 34
0 616 1255 20 33
3 567 1254 24 32
0 2099 1273 24 34
0 1849 1275 24 33
5 2038 1275 23 31
8 2062 1275 24 32
2 1616 1276 21 31
0 1873 1276 24 33
2 1766 1279 21 32
9 1790 1279 23 32
1 1617 1339 17 35
2 1615 1403 22 32
5 1790 1404 23 33
0 1825 1404 26 33
0 1874 1404 23 33
1 2040 1404 15 32
0 2063 1404 22 34
0 2099 1404 22 34
1 1820 1472 17 34
0 1951 1473 26 34
1 1860 1475 18 32
1 1884 1470 22 38
4 1910 1475 28 33
0 1977 1475 29 33
0 2005 1475 28 33
0 749 1520 28 35
1 726 1519 20 35
1 1861 1539 15 37
1 1885 1539 18 35
1 1913 1539 17 36
0 2007 1539 27 38
0 1979 1541 28 34
4 1951 1542 26 31
1 1823 1611 19 38
2 1862 1613 27 35
2 1888 1613 29 35
5 1916 1613 27 36
0 1985 1613 28 38
0 2013 1613 28 38
4 1955 1614 32 35
2 1864 1681 28 38
1 1826 1682 19 37
2 1891 1682 29 37
5 1920 1683 28 37
0 1988 1683 29 39
4 1960 1684 29 36
0 2016 1684 28 39
o 485 2473 23 28
1 2139 2764 18 38
1 2175 2764 18 39
- 2028 159 17 32
/ 1912 167 15 31
: 1703 246 8 22
: 1796 306 8 25
: 1807 378 10 25
: 1808 450 8 25
. 1547 497 14 45
: 1196 577 11 29
: 422 640 9 24
: 389 703 9 24
: 1874 716 11 28
: 385 775 9 24
. 2106 777 9 28
. 1999 778 11 32
, 711 781 12 34
- 937 783 18 34
. 1895 783 10 35
: 1770 797 7 25
: 484 877 9 25
: 2103 881 9 27
: 1889 892 10 30
: 428 949 9 24
: 2102 960 10 26
: 1925 967 9 26
/ 1607 1025 19 34
, 2083 1089 11 32
, 1813 1097 11 31
, 2085 1154 10 32
, 1813 1161 11 29
, 2087 1217 10 32
, 1814 1223 10 30
, 2087 1284 10 31
, 1815 1285 9 31
( 529 1317 15 40
) 596 1317 16 43
, 1814 1410 11 34
, 2087 1412 10 32
: 420 1454 11 23
, 1843 1481 14 35
, 1937 1481 14 34
% 788 1518 41 38
: 390 1520 10 25
, 1938 1550 12 32
: 560 1595 14 27
, 1848 1622 14 32
, 1943 1624 15 35
: 627 1668 13 26
, 1853 1691 11 34
* 104 2460 25 27
, 1812 2505 12 35
. 908 2531 12 27
* 96 2555 25 32
* 90 2605 27 30
# 2107 2762 30 37
/ 2159 2763 16 39
: 2098 151 17 32
/ 1856 174 15 31
: 1725 190 8 25
l 1176 564 9 38
l 1186 567 9 38
ỉ 372 759 13 42
4 458 767 26 33
i 249 1057 12 35
l 1324 1087 10 32
è 387 1186 25 32
e 575 1136 24 26
e 572 1198 24 26
a 375 1258 24 24
a 296 1256 24 24
ị 415 1312 12 39
i 216 1506 13 34
t 313 1581 16 38
o 476 1594 27 29
, 1946 1692 15 35
ả 156 2464 23 32
i 175 2465 16 31
n 221 2472 23 28
n 321 2472 23 28
ụ 297 2473 26 31
h 397 2465 26 35
d 515 2468 26 31
i 742 2470 14 34
à 888 2472 21 34
c 918 2481 22 27
ổ 1072 2467 25 40
i 1093 2472 13 35
đ 1266 2482 28 34
, 1243 2494 13 27
t 1318 2485 14 31
ở 1429 2485 26 34
đ 1561 2491 28 34
đ 1623 2494 28 34
i 1835 2502 13 31
i 1930 2505 13 31
c 99 2519 23 29
ấ 262 2507 24 40
ạ 318 2523 21 31
: 348 2523 13 27
: 447 2521 13 27
t 415 2515 13 34
/ 455 2515 22 31
/ 466 2515 22 31
t 479 2516 16 32
l 577 2518 13 31
s 649 2525 22 26
. 754 2526 8 28
. 828 2529 8 28
n 941 2530 21 25
t 192 2566 16 32
ơ 315 2571 26 28
ơ 410 2620 26 28
t 370 2567 16 32
i 404 2566 15 31
c 424 2570 23 29
í 467 2567 15 31
h 718 2569 21 33
i 739 2568 14 34
ế 779 2562 20 42
t 818 2570 16 34
i 924 2572 14 34
ị 1005 2573 15 40
u 144 2621 25 24
t 189 2615 16 32
k 465 2614 21 33
c 529 2623 22 24
ẻ 590 2615 21 36
h 641 2617 21 33
i 661 2617 15 31
h 701 2618 21 33
h 764 2619 21 33
h 910 2621 22 34
t 1168 2627 14 31
i 1282 2630 14 34
, 1375 2646 13 27
ị 1418 2636 16 40
, 1510 2653 13 27
t 1650 2647 14 35
. 1726 2657 8 27
t 414 1654 16 38
i 408 1777 13 34
h 289 1654 29 36
ý 331 1771 25 52
/ 355 1772 16 38
w 1825 791 35 27
I 812 1664 16 38
g 785 2527 24 34
g 807 2528 24 34
g 764 2527 24 34
