1808,163,2020,163,2020,207,1808,207
1399,492,1553,491,1554,549,1399,549
2022,345,2157,345,2157,385,2022,385
2034,147,2154,146,2154,189,2034,189
1036,471,1214,471,1214,529,1036,529
379,2516,762,2516,762,2558,379,2557
412,696,711,695,711,732,412,732
2106,2761,2194,2761,2194,2801,2106,2801
1630,183,1730,183,1730,222,1630,222
2051,1081,2163,1081,2163,1121,2051,1121
303,1442,432,1441,432,1486,303,1486
2033,1805,2154,1805,2154,1858,2033,1858
841,475,1020,475,1020,532,841,532
1230,487,1384,487,1384,534,1230,534
392,1062,524,1061,524,1102,392,1103
193,1430,290,1429,290,1475,193,1475
1900,695,2166,695,2166,733,1900,733
236,860,365,860,365,898,236,897
218,1121,353,1121,353,1155,218,1155
261,1651,402,1651,402,1690,261,1691
574,634,739,634,739,670,574,671
2038,1403,2170,1403,2170,1446,2038,1446
214,1183,348,1183,348,1217,214,1218
529,1191,697,1191,697,1225,529,1225
453,2466,581,2465,581,2499,453,2500
1823,1473,1977,1473,1977,1512,1823,1512
250,626,429,626,429,673,251,673
317,1773,488,1774,488,1821,317,1821
211,1246,318,1246,318,1280,211,1280
1354,1793,1469,1793,1469,1841,1353,1841
329,1249,467,1249,467,1290,329,1290
311,1582,443,1582,443,1620,311,1620
2040,1208,2162,1208,2162,1248,2040,1248
321,993,432,993,432,1039,321,1039
518,1649,640,1648,640,1705,518,1705
1630,237,1707,236,1707,269,1630,269
917,2467,1042,2467,1042,2515,917,2515
1816,959,1930,959,1931,1004,1816,1004
2041,950,2166,950,2166,988,2041,989
1820,1611,1947,1611,1947,1654,1820,1654
2068,1540,2177,1539,2177,1576,2068,1576
1870,1802,2019,1802,2019,1843,1870,1843
2044,1005,2166,1005,2166,1060,2044,1060
958,1786,1070,1786,1070,1835,958,1835
178,1769,302,1769,302,1811,178,1811
2046,872,2166,872,2166,910,2046,910
294,1501,397,1501,397,1545,294,1545
532,1129,700,1129,700,1164,532,1164
839,2529,961,2529,961,2556,839,2556
2070,1613,2179,1613,2179,1651,2070,1651
380,864,489,864,489,910,380,910
1816,880,1897,880,1897,921,1816,921
179,1570,297,1570,297,1627,179,1627
1725,887,1804,888,1804,926,1725,926
1793,1214,1895,1213,1895,1252,1793,1253
1690,301,1801,301,1801,333,1690,333
2107,270,2163,270,2163,304,2107,304
1169,2626,1265,2625,1265,2669,1169,2669
1690,443,1809,443,1809,477,1690,477
496,767,616,767,616,812,496,812
743,948,846,948,846,996,743,996
565,1255,684,1255,684,1289,566,1289
444,631,563,631,563,668,444,668
1668,788,1774,788,1774,825,1668,825
1380,2484,1496,2484,1497,2529,1380,2529
1690,373,1811,373,1811,406,1691,406
889,2621,998,2621,998,2663,889,2663
707,1198,810,1198,810,1230,707,1231
403,1376,494,1376,494,1419,403,1419
2001,2507,2110,2507,2110,2541,2001,2541
1811,1087,1896,1087,1896,1127,1811,1127
1318,1398,1374,1397,1374,1431,1318,1431
1804,708,1882,708,1882,745,1804,745
2010,778,2103,778,2103,808,2010,808
617,943,730,942,730,990,617,991
187,1497,281,1497,281,1543,187,1543
275,2465,368,2465,368,2507,275,2507
207,1309,293,1309,293,1344,207,1344
104,2605,205,2605,205,2647,104,2647
1787,1403,1899,1403,1899,1445,1787,1445
783,1662,889,1662,889,1700,783,1701
2064,1473,2171,1473,2171,1508,2064,1508
322,937,435,937,435,980,322,980
461,2614,571,2614,571,2648,461,2648
855,1783,944,1783,944,1823,856,1823
110,2558,210,2558,210,2597,110,2597
857,953,942,953,942,989,857,989
2104,197,2161,197,2161,235,2105,235
1823,1681,1952,1681,1952,1724,1823,1724
455,1584,571,1584,571,1623,455,1623
679,2617,786,2617,786,2651,679,2651
1792,1277,1893,1276,1893,1316,1792,1316
203,1372,300,1372,300,1407,203,1407
1697,2492,1806,2492,1806,2542,1697,2542
530,2573,621,2573,621,2607,530,2607
1859,1540,1965,1540,1965,1577,1859,1577
709,1136,812,1136,812,1168,709,1168
1320,1336,1367,1336,1367,1375,1320,1375
409,1655,508,1655,508,1693,410,1693
423,2564,523,2564,523,2598,423,2598
1815,2501,1889,2501,1889,2543,1815,2543
2073,1685,2182,1685,2182,1725,2073,1725
235,933,310,933,310,969,236,969
1898,1539,2030,1539,2030,1577,1899,1578
711,2465,795,2465,795,2504,711,2504
2088,1145,2169,1145,2169,1184,2088,1184
1231,576,1286,576,1286,612,1231,611
833,770,929,770,929,823,833,823
223,990,308,990,308,1028,223,1028
527,1317,613,1317,613,1357,527,1357
97,2514,210,2513,210,2555,97,2555
1649,2642,1731,2642,1731,2682,1649,2682
304,1312,386,1312,386,1345,304,1345
321,691,395,691,395,726,321,726
478,1251,555,1251,555,1285,478,1285
1790,788,1895,788,1895,819,1790,819
1740,1153,1811,1153,1811,1185,1740,1185
187,2463,268,2462,268,2506,187,2506
1818,1151,1896,1150,1896,1190,1818,1190
210,2620,302,2620,302,2655,210,2655
217,2509,302,2509,302,2548,217,2548
410,767,488,767,488,801,410,801
1704,1024,1801,1024,1801,1060,1704,1060
901,2571,980,2571,979,2613,901,2613
294,1058,385,1058,385,1092,294,1092
358,1186,434,1186,435,1219,358,1219
589,2468,702,2468,702,2510,589,2510
1325,1021,1419,1021,1419,1057,1325,1057
441,1186,519,1186,519,1221,441,1221
1577,1023,1651,1023,1651,1060,1577,1060
1906,1474,2035,1474,2035,1514,1906,1514
1004,2628,1091,2628,1091,2664,1004,2664
985,2572,1058,2572,1058,2613,985,2613
2093,1272,2171,1273,2171,1311,2093,1311
322,761,392,761,392,799,323,799
305,2612,378,2612,378,2647,305,2647
1162,2477,1250,2476,1250,2520,1162,2520
793,2618,882,2618,882,2663,793,2662
1952,1683,2045,1683,2045,1724,1952,1724
243,762,311,762,311,804,243,805
384,2614,457,2614,457,2647,384,2647
443,1125,521,1125,521,1159,443,1159
1481,1804,1540,1804,1540,1842,1481,1842
820,2570,896,2571,896,2604,820,2604
1942,1612,2042,1612,2042,1657,1942,1657
2011,1146,2084,1146,2084,1178,2011,1178
628,769,717,769,717,815,628,815
126,2459,204,2459,204,2501,126,2501
1904,774,1998,774,1998,822,1904,822
1138,568,1204,568,1204,604,1138,604
311,1375,391,1375,391,1415,311,1415
212,2563,283,2563,283,2598,212,2598
1897,2503,1945,2503,1945,2543,1897,2543
1322,1148,1387,1148,1387,1181,1322,1181
735,767,819,767,819,811,735,811
761,2526,833,2526,833,2561,761,2561
625,2574,690,2574,690,2601,625,2601
289,2565,363,2565,363,2598,289,2598
1321,2632,1384,2632,1384,2674,1321,2675
223,1057,282,1057,282,1090,224,1090
1725,963,1805,963,1805,1000,1725,1000
1460,2637,1520,2637,1520,2680,1460,2680
436,1314,517,1314,517,1347,436,1347
1766,1215,1848,1215,1848,1249,1766,1249
1070,563,1125,562,1125,607,1070,607
964,778,1022,778,1023,815,964,815
723,1518,776,1518,776,1555,723,1555
360,1123,437,1122,437,1157,360,1157
1813,1019,1883,1019,1883,1067,1813,1067
2114,775,2168,775,2168,803,2115,803
248,689,309,689,309,725,248,725
1320,1211,1387,1211,1387,1244,1320,1244
1559,2492,1619,2492,1619,2526,1559,2526
376,2466,445,2466,445,2500,376,2500
789,1521,830,1521,830,1557,789,1557
1627,440,1679,439,1679,478,1627,479
1317,2482,1372,2482,1372,2524,1317,2524
1623,2495,1689,2495,1689,2536,1623,2536
1109,2473,1158,2473,1158,2508,1109,2508
817,1201,872,1202,871,1234,817,1234
2136,416,2164,416,2164,454,2136,454
504,1776,578,1776,578,1816,504,1816
1321,1273,1375,1273,1375,1306,1321,1306
695,2568,754,2568,754,2601,695,2601
1763,1277,1835,1277,1835,1312,1763,1312
1037,778,1105,778,1105,821,1037,821
1596,2638,1643,2638,1643,2678,1596,2678
1629,296,1681,296,1681,335,1629,335
2036,1273,2087,1273,2087,1307,2036,1307
1097,2615,1160,2615,1160,2665,1097,2664
304,2515,360,2515,361,2555,304,2555
1530,2642,1589,2642,1589,2676,1531,2676
1762,1090,1818,1090,1818,1122,1762,1122
1502,2496,1553,2496,1553,2524,1502,2524
1050,2466,1107,2466,1107,2507,1050,2507
757,2562,816,2562,816,2603,757,2603
1628,370,1680,370,1680,408,1628,408
368,2563,421,2563,421,2597,368,2597
1264,2474,1312,2474,1312,2515,1264,2515
799,2471,862,2471,862,2512,799,2513
865,2471,911,2471,911,2506,865,2506
578,2613,613,2613,613,2649,578,2649
1397,2637,1453,2637,1453,2677,1397,2677
1323,1086,1356,1086,1356,1127,1323,1127
618,2616,676,2616,676,2650,618,2650
1271,2630,1314,2630,1314,2665,1271,2665
1949,2505,1993,2505,1993,2539,1949,2539
394,1313,427,1313,427,1352,395,1352
