VIBTEMPLATE1
3508 2480
NAME 914 988 1432 173
BIRTHDAY 593 1216 450 89
NATION 1191 1192 1145 127
DATEOFISSUEID 598 1382 430 91
PLACEOFISSUEID 1155 1339 1260 132
COMPANY 367 2173 1061 87
NOCOMPANY 683 2265 337 62
STREETCOMPANY 1152 2247 751 83
SUBDISTRICTCOMPANY 2038 2245 302 86
DISTRICTCOMPANY 746 2321 687 85
CITYCOMPANY 1648 2319 674 82
NOHOME1 682 2771 314 85
STREETHOME1 1181 2734 709 119
SUBDISTRICTHOME1 2040 2732 284 132
DISTRICTHOME1 735 2847 707 67
CITYHOME1 1648 2843 687 73
NOHOME2 676 2912 320 70
STREETHOME2 1156 2896 717 91
SUBDISTRICTHOME2 2065 2903 283 80
DISTRICHOME2 729 2975 701 94
CITYHOME2 1654 2975 696 98
PHONENUMBER 590 3129 847 103
EMAIL 1554 3097 845 159
RELATIVE 532 3259 1812 101
RELATIONSHIP 313 3351 685 75
RELATIVEPHONENUMBER 1240 3348 1070 92