799,108,928,108,928,252,799,252
655,115,820,115,820,252,655,252
914,115,1044,115,1044,259,914,259
1022,115,1166,115,1166,259,1022,259
1152,115,1288,115,1288,266,1152,266
1274,115,1418,115,1418,266,1274,266
1396,115,1519,115,1519,266,1396,266
1569,115,1713,115,1713,266,1569,266
1699,115,1836,115,1836,266,1699,266
1821,115,1951,115,1951,266,1821,266
1929,122,2095,122,2095,266,1929,266
2145,122,2289,122,2289,266,2145,266
2268,122,2404,122,2404,266,2268,266
2383,122,2512,122,2512,266,2383,266
2491,129,2613,129,2613,266,2491,266
475,316,561,316,561,417,475,417
266,324,345,324,345,410,266,410
403,324,496,324,496,417,403,417
540,324,612,324,612,410,540,410
597,324,669,324,669,410,597,410
835,324,914,324,914,410,835,410
1036,324,1116,324,1116,410,1036,410
1101,324,1173,324,1173,410,1101,410
2016,324,2088,324,2088,417,2016,417
2217,324,2275,324,2275,417,2217,417
2692,324,2815,324,2815,432,2692,432
201,331,280,331,280,417,201,417
907,331,993,331,993,417,907,417
979,331,1058,331,1058,417,979,417
1159,331,1231,331,1231,410,1159,410
1224,338,1274,338,1274,410,1224,410
1260,331,1317,331,1317,410,1260,410
1346,331,1418,331,1418,410,1346,410
1411,331,1497,331,1497,417,1411,417
1476,331,1562,331,1562,417,1476,417
1540,331,1663,331,1663,410,1540,410
1742,331,1850,331,1850,417,1742,417
1879,331,1951,331,1951,417,1879,417
1944,331,2037,331,2037,424,1944,424
2160,331,2224,331,2224,417,2160,417
2260,331,2332,331,2332,417,2260,417
2541,331,2606,331,2606,417,2541,417
338,345,374,345,374,410,338,410
2073,338,2131,338,2131,417,2073,417
2318,338,2383,338,2383,417,2318,417
2462,338,2556,338,2556,424,2462,424
2628,338,2700,338,2700,424,2628,424
2800,345,2865,345,2865,424,2800,424
2944,345,3024,345,3024,432,2944,432
3002,345,3067,345,3067,424,3002,424
388,432,446,432,446,518,388,518
439,432,504,432,504,518,439,518
489,432,561,432,561,518,489,518
547,432,612,432,612,518,547,518
604,432,669,432,669,518,604,518
655,432,720,432,720,518,655,518
705,432,770,432,770,518,705,518
756,432,820,432,820,518,756,518
813,432,878,432,878,518,813,518
871,439,921,439,921,518,871,518
201,439,288,439,288,532,201,532
266,439,338,439,338,518,266,518
331,453,360,453,360,511,331,511
662,698,756,698,756,784,662,784
741,698,799,698,799,784,741,784
792,705,842,705,842,777,792,777
871,705,921,705,921,784,871,784
914,705,964,705,964,784,914,784
1101,705,1152,705,1152,784,1101,784
266,712,302,712,302,792,266,792
525,705,583,705,583,784,525,784
568,705,633,705,633,784,568,784
619,705,676,705,676,784,619,784
986,712,1036,712,1036,784,986,784
1022,705,1080,705,1080,784,1022,784
1137,705,1195,705,1195,784,1137,784
1180,705,1267,705,1267,784,1180,784
1260,712,1296,712,1296,777,1260,777
1965,705,2023,705,2023,784,1965,784
2008,705,2095,705,2095,784,2008,784
2224,712,2275,712,2275,792,2224,792
2260,705,2318,705,2318,784,2260,784
2304,705,2368,705,2368,784,2304,784
2354,705,2440,705,2440,792,2354,792
216,712,273,712,273,792,216,792
288,712,345,712,345,792,288,792
403,720,446,720,446,792,403,792
446,720,489,720,489,784,446,784
835,720,878,720,878,777,835,777
1072,720,1108,720,1108,777,1072,777
2433,720,2484,720,2484,792,2433,792
2476,720,2527,720,2527,792,2476,792
2541,712,2599,712,2599,792,2541,792
2592,720,2642,720,2642,792,2592,792
2664,720,2707,720,2707,792,2664,792
2700,712,2786,712,2786,799,2700,799
2764,712,2822,712,2822,792,2764,792
2808,712,2887,712,2887,792,2808,792
2872,712,2930,712,2930,792,2872,792
2923,720,2966,720,2966,792,2923,792
360,727,403,727,403,784,360,784
482,727,511,727,511,777,482,777
2109,727,2145,727,2145,784,2109,784
2131,720,2210,720,2210,792,2131,792
396,820,460,820,460,900,396,900
446,820,547,820,547,907,446,907
525,820,583,820,583,900,525,900
568,820,626,820,626,900,568,900
1965,820,2044,820,2044,900,1965,900
216,828,273,828,273,907,216,907
266,828,324,828,324,907,266,907
316,835,360,835,360,907,316,907
2793,828,2851,828,2851,907,2793,907
2836,828,2923,828,2923,907,2836,907
2930,835,2980,835,2980,907,2930,907
360,842,381,842,381,892,360,892
2037,842,2073,842,2073,892,2037,892
410,928,468,928,468,1015,410,1015
460,936,511,936,511,1015,460,1015
504,928,561,928,561,1015,504,1015
547,928,612,928,612,1015,547,1015
597,928,655,928,655,1015,597,1015
648,928,705,928,705,1015,648,1015
691,928,756,928,756,1015,691,1015
763,928,820,928,820,1015,763,1015
864,936,914,936,914,1015,864,1015
223,936,280,936,280,1022,223,1022
280,943,331,943,331,1022,280,1022
374,943,424,943,424,1022,374,1022
813,936,871,936,871,1015,813,1015
1972,936,2037,936,2037,1015,1972,1015
2023,936,2088,936,2088,1015,2023,1015
2080,936,2138,936,2138,1015,2080,1015
2174,936,2232,936,2232,1015,2174,1015
2217,936,2282,936,2282,1015,2217,1015
2289,936,2426,936,2426,1015,2289,1015
2412,936,2469,936,2469,1015,2412,1015
2455,936,2512,936,2512,1015,2455,1015
2527,936,2584,936,2584,1015,2527,1015
2570,936,2628,936,2628,1015,2570,1015
2628,943,2678,943,2678,1015,2628,1015
2664,936,2721,936,2721,1015,2664,1015
2707,936,2764,936,2764,1015,2707,1015
2750,936,2808,936,2808,1015,2750,1015
2793,936,2858,936,2858,1015,2793,1015
2851,943,2901,943,2901,1015,2851,1015
2908,943,2966,943,2966,1022,2908,1022
2952,943,3009,943,3009,1022,2952,1022
3002,950,3052,950,3052,1022,3002,1022
3045,950,3096,950,3096,1022,3045,1022
324,957,345,957,345,1008,324,1008
475,1058,525,1058,525,1144,475,1144
604,1058,655,1058,655,1137,604,1137
640,1051,734,1051,734,1137,640,1137
223,1058,324,1058,324,1144,223,1144
511,1058,568,1058,568,1137,511,1137
727,1065,777,1065,777,1137,727,1137
763,1058,820,1058,820,1137,763,1137
302,1065,360,1065,360,1137,302,1137
374,1065,432,1065,432,1144,374,1144
417,1065,475,1065,475,1152,417,1152
813,1072,864,1072,864,1137,813,1137
1526,1288,1641,1288,1641,1396,1526,1396
1836,1303,1879,1303,1879,1382,1836,1382
1864,1296,1972,1296,1972,1389,1864,1389
1396,1303,1461,1303,1461,1389,1396,1389
1447,1303,1512,1303,1512,1382,1447,1382
1504,1310,1540,1310,1540,1382,1504,1382
1648,1303,1713,1303,1713,1382,1648,1382
1699,1303,1764,1303,1764,1382,1699,1382
1749,1303,1814,1303,1814,1382,1749,1382
1951,1303,2008,1303,2008,1382,1951,1382
2671,1512,2736,1512,2736,1598,2671,1598
252,1519,309,1519,309,1605,252,1605
295,1519,352,1519,352,1598,295,1598
345,1526,388,1526,388,1598,345,1598
2376,1519,2433,1519,2433,1598,2376,1598
2419,1519,2484,1519,2484,1598,2419,1598
2642,1526,2685,1526,2685,1598,2642,1598
2829,1519,2937,1519,2937,1598,2829,1598
453,1526,518,1526,518,1605,453,1605
504,1526,561,1526,561,1605,504,1605
662,1526,727,1526,727,1612,662,1612
712,1526,784,1526,784,1605,712,1605
1605,1526,1692,1526,1692,1605,1605,1605
1828,1526,1893,1526,1893,1605,1828,1605
2030,1526,2109,1526,2109,1605,2030,1605
2534,1533,2556,1533,2556,1591,2534,1591
2721,1526,2779,1526,2779,1598,2721,1598
2772,1533,2815,1533,2815,1612,2772,1612
2930,1533,2973,1533,2973,1598,2930,1598
554,1540,597,1540,597,1612,554,1612
619,1533,676,1533,676,1620,619,1620
770,1533,835,1533,835,1605,770,1605
1886,1540,1936,1540,1936,1605,1886,1605
1929,1540,1980,1540,1980,1605,1929,1605
2001,1540,2044,1540,2044,1620,2001,1620
2829,1634,2872,1634,2872,1706,2829,1706
2865,1627,2923,1627,2923,1706,2865,1706
2908,1627,2988,1627,2988,1706,2908,1706
2973,1627,3031,1627,3031,1706,2973,1706
3016,1627,3074,1627,3074,1706,3016,1706
3067,1634,3110,1634,3110,1706,3067,1706
972,1634,1029,1634,1029,1720,972,1720
1022,1641,1065,1641,1065,1720,1022,1720
2088,1641,2138,1641,2138,1720,2088,1720
2124,1634,2203,1634,2203,1720,2124,1720
2196,1641,2246,1641,2246,1720,2196,1720
2232,1634,2289,1634,2289,1713,2232,1713
2282,1641,2332,1641,2332,1713,2282,1713
460,1641,518,1641,518,1720,460,1720
511,1648,561,1648,561,1728,511,1728
612,1648,655,1648,655,1720,612,1720
741,1641,806,1641,806,1728,741,1728
907,1648,950,1648,950,1728,907,1728
1058,1648,1094,1648,1094,1720,1058,1720
1202,1641,1303,1641,1303,1728,1202,1728
1404,1648,1454,1648,1454,1728,1404,1728
554,1656,590,1656,590,1720,554,1720
676,1648,748,1648,748,1728,676,1728
792,1648,849,1648,849,1720,792,1720
871,1656,914,1656,914,1720,871,1720
1108,1648,1166,1648,1166,1728,1108,1728
1152,1648,1216,1648,1216,1720,1152,1720
1447,1656,1483,1656,1483,1720,1447,1720
1296,1663,1346,1663,1346,1742,1296,1742
1368,1663,1411,1663,1411,1728,1368,1728
525,1756,597,1756,597,1843,525,1843
460,1771,504,1771,504,1843,460,1843
496,1771,540,1771,540,1843,496,1843
3031,1857,3081,1857,3081,1929,3031,1929
2880,1864,2923,1864,2923,1936,2880,1936
2908,1857,2973,1857,2973,1936,2908,1936
2959,1857,3038,1857,3038,1936,2959,1936
3074,1864,3117,1864,3117,1929,3074,1929
2080,1864,2138,1864,2138,1944,2080,1944
2124,1864,2203,1864,2203,1951,2124,1951
2188,1864,2246,1864,2246,1944,2188,1944
2239,1872,2289,1872,2289,1944,2239,1944
2282,1872,2332,1872,2332,1944,2282,1944
266,1879,302,1879,302,1958,266,1958
460,1872,525,1872,525,1951,460,1951
511,1872,597,1872,597,1958,511,1958
612,1872,669,1872,669,1951,612,1951
655,1872,712,1872,712,1951,655,1951
777,1886,828,1886,828,1958,777,1958
871,1879,928,1879,928,1951,871,1951
727,1886,784,1886,784,1972,727,1972
849,1893,885,1893,885,1951,849,1951
921,1893,964,1893,964,1951,921,1951
2880,1972,2930,1972,2930,2052,2880,2052
2916,1965,2995,1965,2995,2052,2916,2052
2988,1972,3038,1972,3038,2052,2988,2052
3024,1965,3081,1965,3081,2044,3024,2044
3074,1972,3117,1972,3117,2044,3074,2044
2239,1972,2332,1972,2332,2059,2239,2059
2080,1980,2145,1980,2145,2059,2080,2059
2131,1980,2217,1980,2217,2066,2131,2066
2196,1980,2253,1980,2253,2059,2196,2059
266,1994,309,1994,309,2073,266,2073
1044,1987,1101,1987,1101,2073,1044,2073
1195,1987,1274,1987,1274,2073,1195,2073
1260,1987,1353,1987,1353,2073,1260,2073
468,1994,532,1994,532,2073,468,2073
525,2001,568,2001,568,2073,525,2073
619,2001,662,2001,662,2073,619,2073
684,1994,741,1994,741,2073,684,2073
734,2001,784,2001,784,2073,734,2073
777,2001,828,2001,828,2073,777,2073
828,2001,871,2001,871,2073,828,2073
864,2001,885,2001,885,2066,864,2066
907,1994,993,1994,993,2073,907,2073
1094,2001,1144,2001,1144,2073,1094,2073
561,2008,597,2008,597,2073,561,2073
1137,2008,1180,2008,1180,2073,1137,2073
986,2016,1029,2016,1029,2080,986,2080
475,2109,540,2109,540,2188,475,2188
525,2109,583,2109,583,2188,525,2188
576,2116,626,2116,626,2196,576,2196
619,2124,655,2124,655,2188,619,2188
2829,2196,2887,2196,2887,2275,2829,2275
2887,2203,2937,2203,2937,2275,2887,2275
2923,2196,2995,2196,2995,2275,2923,2275
2988,2203,3045,2203,3045,2275,2988,2275
3038,2203,3081,2203,3081,2275,3038,2275
3074,2203,3124,2203,3124,2275,3074,2275
2088,2203,2145,2203,2145,2282,2088,2282
2131,2203,2188,2203,2188,2282,2131,2282
2196,2203,2253,2203,2253,2282,2196,2282
2246,2210,2296,2210,2296,2282,2246,2282
2289,2210,2340,2210,2340,2282,2289,2282
612,2224,648,2224,648,2304,612,2304
1072,2217,1130,2217,1130,2296,1072,2296
1116,2217,1202,2217,1202,2296,1116,2296
475,2232,525,2232,525,2311,475,2311
518,2232,561,2232,561,2304,518,2304
640,2232,691,2232,691,2304,640,2304
273,2239,309,2239,309,2296,273,2296
554,2239,597,2239,597,2304,554,2304
676,2232,734,2232,734,2304,676,2304
799,2239,849,2239,849,2318,799,2318
835,2232,900,2232,900,2325,835,2325
936,2239,986,2239,986,2311,936,2311
979,2239,1022,2239,1022,2304,979,2304
1015,2239,1058,2239,1058,2304,1015,2304
1195,2239,1238,2239,1238,2296,1195,2296
1260,2239,1310,2239,1310,2296,1260,2296
1303,2239,1346,2239,1346,2304,1303,2304
1339,2239,1389,2239,1389,2311,1339,2311
756,2246,806,2246,806,2311,756,2311
885,2239,943,2239,943,2325,885,2325
3038,2311,3088,2311,3088,2390,3038,2390
3081,2311,3124,2311,3124,2383,3081,2383
2844,2318,2887,2318,2887,2390,2844,2390
2880,2318,2930,2318,2930,2390,2880,2390
2923,2311,2980,2311,2980,2390,2923,2390
2988,2311,3045,2311,3045,2390,2988,2390
259,2340,324,2340,324,2426,259,2426
316,2347,367,2347,367,2433,316,2433
525,2340,619,2340,619,2426,525,2426
468,2347,540,2347,540,2426,468,2426
352,2354,410,2354,410,2433,352,2433
410,2361,453,2361,453,2448,410,2448
2880,2426,2937,2426,2937,2505,2880,2505
2923,2419,2980,2419,2980,2505,2923,2505
2988,2419,3088,2419,3088,2505,2988,2505
3081,2426,3124,2426,3124,2498,3081,2498
2836,2433,2887,2433,2887,2505,2836,2505
266,2469,316,2469,316,2548,266,2548
302,2462,388,2462,388,2548,302,2548
403,2462,496,2462,496,2548,403,2548
475,2469,547,2469,547,2548,475,2548
540,2476,583,2476,583,2541,540,2541
3045,2541,3088,2541,3088,2613,3045,2613
3081,2541,3132,2541,3132,2613,3081,2613
590,2570,648,2570,648,2656,590,2656
633,2570,698,2570,698,2656,633,2656
684,2570,741,2570,741,2656,684,2656
266,2577,331,2577,331,2664,266,2664
316,2577,374,2577,374,2664,316,2664
360,2577,424,2577,424,2656,360,2656
446,2584,482,2584,482,2656,446,2656
468,2577,532,2577,532,2664,468,2664
525,2584,568,2584,568,2656,525,2656
2008,2779,2066,2779,2066,2865,2008,2865
1720,2786,1785,2786,1785,2872,1720,2872
1778,2793,1828,2793,1828,2872,1778,2872
1814,2786,1872,2786,1872,2872,1814,2872
1936,2793,1980,2793,1980,2865,1936,2865
1965,2786,2023,2786,2023,2865,1965,2865
2059,2793,2109,2793,2109,2865,2059,2865
1368,2793,1425,2793,1425,2880,1368,2880
1548,2793,1656,2793,1656,2894,1548,2894
1634,2793,1706,2793,1706,2872,1634,2872
1864,2800,1908,2800,1908,2880,1864,2880
2145,2800,2181,2800,2181,2865,2145,2865
1015,2800,1072,2800,1072,2887,1015,2887
1252,2808,1296,2808,1296,2880,1252,2880
1288,2808,1324,2808,1324,2880,1288,2880
1346,2808,1382,2808,1382,2880,1346,2880
1418,2800,1483,2800,1483,2880,1418,2880
1497,2800,1562,2800,1562,2880,1497,2880
878,2808,950,2808,950,2894,878,2894
1195,2808,1260,2808,1260,2880,1195,2880
280,2815,345,2815,345,2908,280,2908
446,2815,547,2815,547,2901,446,2901
532,2815,619,2815,619,2901,532,2901
633,2815,741,2815,741,2894,633,2894
727,2815,799,2815,799,2894,727,2894
820,2815,892,2815,892,2894,820,2894
936,2815,1000,2815,1000,2887,936,2887
1072,2822,1116,2822,1116,2887,1072,2887
1137,2815,1209,2815,1209,2887,1137,2887
230,2822,295,2822,295,2908,230,2908
338,2829,388,2829,388,2908,338,2908
381,2836,424,2836,424,2916,381,2916
1843,3110,1908,3110,1908,3196,1843,3196
1929,3110,1994,3110,1994,3189,1929,3189
1987,3117,2023,3117,2023,3189,1987,3189
1620,3117,1735,3117,1735,3218,1620,3218
1742,3117,1857,3117,1857,3196,1742,3196
1893,3124,1944,3124,1944,3196,1893,3196
1288,3124,1425,3124,1425,3211,1288,3211
1231,3132,1303,3132,1303,3211,1231,3211
1569,3132,1634,3132,1634,3218,1569,3218
1440,3139,1555,3139,1555,3204,1440,3204
1706,3232,1857,3232,1857,3319,1706,3319
1346,3240,1440,3240,1440,3333,1346,3333
1584,3240,1699,3240,1699,3333,1584,3333
1425,3254,1476,3254,1476,3333,1425,3333
1533,3247,1598,3247,1598,3333,1533,3333
1461,3254,1526,3254,1526,3319,1461,3319
