1805,163,2018,163,2018,206,1805,206
1814,1473,2033,1472,2033,1514,1814,1514
2022,346,2159,345,2159,385,2022,386
1857,1539,2029,1539,2029,1581,1857,1581
1036,471,1216,471,1216,529,1036,529
1400,493,1555,492,1555,548,1400,549
1628,183,1732,183,1732,223,1628,223
409,695,713,696,713,732,409,731
303,1441,432,1441,432,1486,303,1486
377,2515,761,2516,761,2559,377,2558
1827,1612,2009,1612,2009,1655,1827,1654
529,1191,698,1190,699,1224,529,1225
2052,148,2151,148,2151,186,2052,186
2034,1082,2169,1081,2169,1122,2034,1122
2034,1806,2152,1806,2152,1858,2034,1857
313,1775,492,1774,492,1822,313,1823
1742,1151,1889,1151,1889,1191,1742,1190
575,634,740,634,740,670,576,671
2104,2761,2195,2762,2194,2801,2104,2801
250,626,430,627,430,672,250,672
2037,1273,2169,1273,2169,1314,2037,1314
839,475,1021,475,1021,531,839,532
1898,696,2168,697,2168,734,1898,733
1825,1680,1956,1681,1956,1724,1825,1724
1762,1088,1896,1087,1897,1128,1762,1129
390,1061,522,1062,522,1103,390,1103
2034,1208,2171,1208,2171,1249,2034,1249
1764,1213,1893,1213,1893,1252,1764,1252
2038,1404,2169,1403,2169,1446,2038,1446
179,1769,301,1770,301,1811,179,1810
193,1430,290,1430,290,1475,193,1475
1869,1802,2019,1803,2019,1843,1869,1843
1231,488,1383,488,1383,533,1231,533
330,1249,467,1249,467,1291,330,1290
2048,871,2167,870,2167,910,2048,911
2107,269,2162,269,2162,304,2107,304
2106,201,2160,200,2160,235,2106,235
1690,372,1815,373,1815,406,1689,406
496,767,616,767,616,812,496,811
236,860,366,860,366,897,236,898
103,2559,212,2558,212,2597,103,2598
1724,887,1805,887,1804,926,1724,926
1999,2507,2111,2507,2111,2541,1999,2541
1631,237,1708,237,1708,269,1631,269
202,1372,300,1372,299,1407,202,1407
783,1662,889,1662,889,1701,783,1701
1764,1277,1893,1277,1893,1315,1764,1314
2068,1539,2176,1539,2176,1577,2068,1577
2062,1473,2171,1473,2171,1508,2062,1507
529,1316,613,1316,614,1357,529,1358
261,1651,400,1651,400,1691,261,1690
219,1121,353,1121,353,1155,219,1155
1816,958,1934,959,1933,1004,1816,1004
518,1649,639,1649,639,1705,518,1705
1380,2484,1497,2484,1496,2529,1380,2529
213,1247,318,1246,318,1280,213,1280
215,1183,349,1183,349,1217,215,1217
1791,787,1908,788,1908,819,1790,819
321,993,434,993,433,1040,321,1039
1815,879,1899,880,1899,921,1815,921
959,1786,1071,1787,1071,1836,958,1835
311,1581,442,1581,442,1620,311,1619
2040,950,2166,949,2166,988,2040,989
2069,1613,2179,1613,2179,1652,2069,1652
2045,1005,2167,1005,2167,1062,2045,1061
379,864,492,864,492,910,379,910
104,2606,207,2606,207,2647,104,2647
1690,443,1814,443,1813,477,1690,477
2005,779,2116,778,2116,810,2005,811
94,2513,211,2513,211,2555,94,2556
1354,1792,1468,1793,1468,1841,1354,1841
455,1584,572,1584,572,1623,455,1623
207,1309,294,1309,294,1343,207,1344
710,1136,813,1136,813,1169,710,1170
743,949,846,949,846,996,743,996
618,942,731,942,731,991,618,991
453,2465,580,2466,580,2500,453,2499
1689,300,1804,301,1804,334,1689,333
533,1130,701,1130,701,1164,533,1164
188,1497,280,1497,280,1543,188,1543
679,2617,787,2617,787,2651,679,2651
834,2528,963,2529,963,2560,834,2560
461,2614,573,2614,573,2648,461,2649
567,1254,683,1254,683,1288,567,1288
587,2468,700,2468,701,2511,587,2511
1647,2642,1733,2642,1733,2682,1647,2681
1787,1403,1897,1403,1897,1445,1787,1445
443,631,564,631,564,668,443,668
181,1570,299,1571,298,1628,181,1628
1903,775,1999,775,1999,822,1903,822
887,2620,999,2620,999,2663,887,2663
1806,708,1884,708,1884,745,1806,746
407,1655,509,1654,509,1693,408,1694
710,2465,797,2465,797,2503,710,2503
2072,1685,2183,1685,2183,1724,2072,1725
917,2467,1042,2467,1042,2516,917,2515
424,2565,523,2565,523,2599,424,2598
1167,2625,1265,2625,1265,2669,1167,2669
210,2564,283,2564,283,2597,210,2598
223,990,309,990,308,1029,223,1029
1665,788,1777,788,1777,825,1665,825
833,770,927,770,927,823,833,823
294,1058,385,1059,385,1093,294,1092
707,1198,811,1198,811,1231,707,1230
856,1783,944,1783,944,1823,856,1823
322,937,438,937,438,980,322,980
246,690,309,690,309,726,246,726
1696,2493,1806,2493,1806,2541,1696,2541
857,951,943,951,943,990,857,989
293,1501,401,1501,401,1545,293,1545
2088,1144,2169,1144,2169,1184,2088,1185
444,1124,521,1124,521,1159,444,1159
1324,1021,1419,1021,1418,1058,1324,1057
275,2465,367,2465,366,2507,275,2506
403,1376,494,1376,494,1419,403,1419
311,1375,392,1375,392,1415,311,1415
195,2465,268,2464,268,2507,195,2507
216,2509,302,2508,302,2548,216,2548
1814,1019,1884,1019,1884,1066,1814,1067
480,1251,554,1251,554,1285,480,1285
1725,963,1804,963,1804,1001,1724,1000
235,934,309,934,309,969,235,969
736,767,819,768,819,812,736,812
304,1311,388,1311,388,1345,304,1345
629,770,720,769,720,814,629,814
208,2619,303,2620,303,2656,208,2655
303,2516,363,2516,363,2554,303,2554
368,2563,420,2563,420,2598,369,2599
1005,2628,1092,2627,1092,2663,1005,2663
441,1186,520,1186,520,1221,441,1221
361,1123,436,1123,436,1157,361,1157
2088,777,2166,776,2166,805,2088,805
1050,2467,1108,2467,1109,2508,1050,2508
323,761,396,761,396,800,323,800
1319,1397,1374,1397,1374,1431,1319,1431
1231,575,1284,575,1284,611,1231,611
1162,2477,1251,2477,1251,2520,1162,2520
1321,1211,1387,1211,1387,1244,1320,1244
819,1202,872,1202,872,1233,819,1234
1577,1023,1652,1023,1652,1061,1577,1060
757,2562,817,2562,817,2602,757,2602
126,2462,191,2462,191,2499,126,2499
528,2573,622,2573,622,2607,527,2607
320,691,399,691,399,727,320,727
1480,1804,1539,1804,1539,1842,1480,1842
1628,296,1680,296,1680,335,1628,335
1815,2501,1891,2501,1891,2543,1815,2543
384,2613,457,2613,456,2647,383,2647
1138,567,1209,568,1209,604,1138,604
375,2465,447,2465,447,2500,375,2500
359,1185,432,1186,432,1220,359,1220
1322,2631,1384,2631,1384,2673,1322,2673
898,2571,977,2572,977,2613,898,2613
243,762,310,762,310,804,243,804
1705,1024,1799,1024,1799,1059,1704,1059
436,1313,518,1314,518,1348,436,1348
410,766,488,766,488,801,410,801
1396,2636,1452,2636,1452,2676,1396,2676
1628,369,1681,369,1681,409,1628,409
222,1057,283,1057,283,1090,222,1090
1316,2482,1374,2482,1374,2524,1316,2525
2011,1146,2084,1146,2084,1179,2011,1179
982,2571,1060,2571,1060,2613,983,2613
619,2616,676,2615,676,2650,619,2650
724,1519,776,1519,776,1555,724,1555
1559,2492,1617,2493,1617,2526,1559,2526
752,2526,833,2526,833,2562,752,2563
1069,563,1125,563,1125,608,1069,608
820,2570,896,2570,896,2605,820,2605
306,2613,378,2613,378,2647,306,2648
1529,2642,1591,2641,1591,2676,1529,2676
1319,1273,1378,1272,1378,1307,1319,1307
1321,1149,1388,1149,1388,1182,1321,1182
503,1776,578,1776,578,1817,503,1816
623,2573,690,2573,690,2600,624,2601
698,2567,752,2567,752,2601,698,2602
793,2618,882,2618,882,2661,792,2661
1460,2638,1521,2638,1521,2679,1460,2679
963,778,1024,778,1024,815,964,815
1622,2494,1690,2494,1690,2536,1622,2536
1318,1337,1366,1336,1366,1376,1318,1377
1035,777,1103,777,1104,821,1035,821
1955,1683,2044,1683,2044,1724,1955,1724
1262,2475,1313,2475,1313,2515,1263,2516
1111,2473,1159,2473,1159,2509,1111,2509
1503,2496,1553,2496,1553,2524,1503,2524
1627,439,1679,439,1679,479,1627,479
289,2564,364,2564,364,2599,289,2599
1895,2504,1944,2504,1944,2543,1895,2543
1097,2615,1161,2615,1161,2664,1097,2664
1612,1274,1640,1274,1641,1309,1613,1309
1949,2504,1992,2504,1992,2540,1949,2540
798,2472,859,2471,860,2512,798,2512
1596,2638,1642,2638,1642,2679,1596,2679
577,2613,616,2613,616,2649,577,2650
2137,417,2164,417,2164,451,2137,451
787,1520,831,1520,831,1556,788,1556
1269,2630,1315,2630,1315,2666,1269,2666
865,2471,908,2471,908,2505,866,2506
1613,1150,1641,1150,1641,1186,1613,1186
1612,1401,1640,1401,1640,1437,1612,1437
1322,1086,1355,1086,1355,1129,1322,1129
393,1314,426,1314,426,1351,392,1351
1616,1337,1638,1337,1638,1373,1615,1372
1614,1089,1641,1089,1641,1124,1614,1124
