284,32,366,32,366,69,284,69
446,31,522,34,521,68,445,65
566,34,632,34,632,65,566,65
640,34,743,34,743,65,640,65
374,36,438,36,438,67,374,67
528,36,560,36,560,67,528,67
783,61,831,61,831,94,783,94
826,61,900,61,900,94,826,94
98,65,196,65,196,85,98,85
194,65,210,65,210,83,194,83
894,65,919,65,919,92,894,92
912,67,980,67,980,90,912,90
601,71,693,71,693,98,601,98
759,73,781,73,781,88,759,88
464,73,532,73,532,98,464,98
536,73,595,73,595,98,536,98
335,77,456,73,457,98,335,101
759,94,812,94,812,110,759,110
438,104,485,104,485,126,438,126
518,103,574,107,572,131,516,126
575,106,587,106,587,124,575,124
489,108,501,108,501,124,489,124
503,108,515,108,515,124,503,124
793,114,898,111,899,139,794,142
755,114,779,114,779,133,755,133
759,139,800,139,800,155,759,155
466,167,489,167,489,188,466,188
489,169,505,169,505,188,489,188
870,173,916,167,918,185,872,191
393,169,431,169,431,188,393,188
429,169,468,169,468,188,429,188
503,169,552,169,552,188,503,188
845,169,867,169,867,186,845,186
304,171,333,171,333,190,304,190
329,171,376,171,376,190,329,190
665,171,710,171,710,192,665,192
751,172,791,176,789,193,749,189
75,176,106,176,106,192,75,192
194,176,259,176,259,192,194,192
257,173,278,173,278,192,257,192
276,176,282,176,282,188,276,188
282,173,309,173,309,190,282,190
378,176,397,176,397,190,378,190
587,176,620,176,620,190,587,190
714,176,747,176,747,192,714,192
102,176,118,176,118,192,102,192
118,178,147,178,147,192,118,192
147,178,194,178,194,192,147,192
837,193,901,195,900,211,836,208
902,194,929,194,929,208,902,208
444,196,489,196,489,212,444,212
491,196,552,196,552,210,491,210
679,196,700,196,700,210,679,210
698,195,741,198,740,213,697,210
745,196,773,196,773,210,745,210
313,198,376,198,376,214,313,214
378,198,401,198,401,212,378,212
401,198,433,198,433,212,401,212
587,198,599,198,599,212,587,212
597,198,622,198,622,212,597,212
186,200,247,200,247,214,186,214
249,200,272,200,272,214,249,214
274,200,309,200,309,214,274,214
75,202,147,202,147,216,75,216
149,202,188,202,188,216,149,216
487,216,534,216,534,233,487,233
358,216,378,216,378,235,358,235
382,219,393,219,393,235,382,235
397,219,409,219,409,235,397,235
405,215,449,218,448,238,404,235
450,216,483,216,483,233,450,233
229,221,257,221,257,237,229,237
262,221,290,221,290,237,262,237
296,221,352,221,352,235,296,235
77,221,106,221,106,239,77,239
108,221,135,221,135,239,108,239
137,223,208,223,208,237,137,237
511,235,554,235,554,253,511,253
429,239,476,239,476,255,429,255
478,237,509,237,509,253,478,253
319,239,362,239,362,262,319,262
368,241,409,241,409,257,368,257
413,241,423,241,423,255,413,255
227,238,286,243,284,262,225,257
288,243,317,243,317,257,288,257
902,257,933,257,933,272,902,272
665,257,712,257,712,278,665,278
708,257,728,257,728,276,708,276
730,257,753,257,753,276,730,276
835,259,855,259,855,274,835,274
853,259,904,259,904,274,853,274
583,259,624,259,624,280,583,280
309,262,347,262,347,282,309,282
270,264,307,264,307,282,270,282
80,267,118,271,116,288,78,284
163,266,202,266,202,284,163,284
227,266,253,266,253,282,227,282
251,268,268,268,268,282,251,282
120,270,161,270,161,284,120,284
296,288,307,288,307,304,296,304
309,286,345,286,345,304,309,304
233,288,268,288,268,307,233,307
270,288,298,288,298,304,270,304
79,292,108,292,108,309,79,309
919,307,957,307,957,321,919,321
843,309,912,309,912,323,843,323
216,343,249,343,249,360,216,360
88,345,116,345,116,362,88,362
120,343,167,343,167,360,120,360
172,344,214,348,212,365,170,361
247,345,294,345,294,360,247,360
503,352,554,352,554,370,503,370
550,352,587,352,587,370,550,370
341,354,407,354,407,374,341,374
403,354,425,354,425,372,403,372
438,354,468,354,468,372,438,372
464,354,501,354,501,372,464,372
145,366,208,366,208,382,145,382
85,366,114,366,114,384,85,384
116,366,143,366,143,384,116,384
804,372,843,372,843,388,804,388
845,372,869,372,869,388,845,388
521,374,548,374,548,393,521,393
550,374,587,374,587,393,550,393
589,374,620,374,620,393,589,393
628,376,671,376,671,393,628,393
671,374,704,374,704,393,671,393
708,375,742,378,740,393,707,390
745,376,786,376,786,393,745,393
788,376,804,376,804,393,788,393
345,376,397,376,397,395,345,395
397,376,433,376,433,395,397,395
431,378,442,378,442,395,431,395
440,376,460,376,460,395,440,395
462,376,485,376,485,397,462,397
483,380,521,380,521,397,483,397
90,390,126,390,126,405,90,405
131,390,171,390,171,405,131,405
178,390,214,390,214,405,178,405
386,393,471,404,468,427,383,417
343,403,380,403,380,425,343,425
378,405,388,405,388,429,378,429
802,403,847,403,847,425,802,425
851,405,908,405,908,421,851,421
665,407,722,407,722,425,665,425
609,409,642,409,642,423,609,423
644,407,661,407,661,423,644,423
296,409,345,409,345,427,296,427
474,411,513,411,513,425,474,425
517,411,552,411,552,425,517,425
268,413,292,413,292,427,268,427
151,422,199,416,201,437,153,443
120,421,151,421,151,440,120,440
839,427,853,427,853,444,839,444
800,429,835,429,835,444,800,444
857,429,894,429,894,444,857,444
892,429,906,429,906,442,892,442
624,431,636,431,636,446,624,446
663,429,679,429,679,446,663,446
689,431,708,431,708,446,689,446
450,433,481,433,481,448,450,448
521,433,546,433,546,448,521,448
634,433,667,433,667,446,634,446
280,435,290,435,290,450,280,450
352,435,374,435,374,450,352,450
485,435,517,435,517,448,485,448
288,438,307,438,307,452,288,452
304,438,347,438,347,450,304,450
133,446,184,446,184,460,133,460
822,470,869,470,869,491,822,491
865,470,912,470,912,489,865,489
663,472,695,472,695,491,663,491
296,476,393,476,393,495,296,495
814,487,865,487,865,505,814,505
869,489,882,489,882,503,869,503
880,489,900,489,900,503,880,503
120,491,153,491,153,507,120,507
155,489,184,489,184,507,155,507
186,491,206,491,206,507,186,507
634,493,669,493,669,507,634,507
671,491,697,491,697,511,671,511
462,493,485,493,485,511,462,511
487,493,535,497,534,514,485,510
292,497,321,497,321,511,292,511
325,496,367,499,366,516,324,513
131,511,163,511,163,530,131,530
165,513,190,513,190,530,165,530
828,513,855,513,855,530,828,530
853,513,888,513,888,528,853,528
630,515,665,515,665,532,630,532
665,519,703,515,705,531,667,535
468,519,481,519,481,534,468,534
481,519,532,519,532,536,481,536
288,521,317,521,317,536,288,536
315,521,343,521,343,538,315,538
341,521,370,521,370,536,341,536
259,591,307,591,307,609,259,609
302,591,401,591,401,609,302,609
100,593,122,593,122,612,100,612
120,593,180,593,180,612,120,612
178,593,243,593,243,612,178,612
178,626,243,626,243,646,178,646
300,626,401,626,401,644,300,644
100,628,180,628,180,648,100,648
259,628,304,628,304,646,259,646
302,661,403,661,403,681,302,681
100,663,171,663,171,683,100,683
169,665,180,665,180,681,169,681
178,663,243,663,243,681,178,681
259,663,288,663,288,681,259,681
284,663,307,663,307,681,284,681
302,695,403,695,403,716,302,716
100,697,180,697,180,718,100,718
178,697,243,697,243,716,178,716
259,697,307,697,307,716,259,716
178,730,245,730,245,749,178,749
262,730,288,730,288,749,262,749
284,730,307,730,307,749,284,749
302,730,403,730,403,749,302,749
102,732,182,732,182,751,102,751
778,864,887,871,885,909,775,902
669,884,712,884,712,904,669,904
716,884,747,884,747,904,716,904
491,886,536,886,536,906,491,906
538,886,581,886,581,904,538,904
585,886,622,886,622,904,585,904
626,886,665,886,665,904,626,904
127,976,169,980,167,1000,125,995
172,978,210,982,208,999,170,995
149,1002,169,1002,169,1017,149,1017
167,1002,188,1002,188,1017,167,1017
85,1029,114,1029,114,1043,85,1043
116,1029,151,1029,151,1043,116,1043
166,1044,211,1047,210,1064,164,1062
292,1045,315,1045,315,1060,292,1060
317,1045,343,1045,343,1060,317,1060
364,1045,382,1045,382,1060,364,1060
386,1045,413,1045,413,1060,386,1060
417,1045,444,1045,444,1060,417,1060
446,1045,462,1045,462,1060,446,1060
468,1045,509,1045,509,1060,468,1060
88,1048,104,1048,104,1060,88,1060
104,1048,128,1048,128,1062,104,1062
135,1047,164,1050,163,1065,133,1062
212,1048,249,1048,249,1062,212,1062
253,1048,290,1048,290,1062,253,1062
341,1048,362,1048,362,1064,341,1064
816,1060,833,1060,833,1074,816,1074
835,1060,855,1060,855,1076,835,1076
863,1060,882,1060,882,1074,863,1074
883,1062,921,1059,922,1075,884,1078
929,1060,966,1060,966,1074,929,1074
419,1062,456,1062,456,1078,419,1078
460,1061,498,1063,497,1081,459,1078
534,1061,602,1064,601,1080,533,1078
614,1062,620,1062,620,1074,614,1074
630,1062,657,1062,657,1078,630,1078
659,1060,679,1060,679,1076,659,1076
685,1062,700,1062,700,1078,685,1078
708,1062,730,1062,730,1076,708,1076
730,1062,763,1062,763,1078,730,1078
765,1060,783,1060,783,1076,765,1076
792,1062,814,1062,814,1078,792,1078
104,1064,147,1064,147,1078,104,1078
270,1063,308,1066,306,1081,269,1078
309,1062,355,1065,354,1081,308,1078
358,1064,384,1064,384,1078,358,1078
386,1064,417,1064,417,1078,386,1078
499,1064,532,1064,532,1080,499,1080
605,1064,616,1064,616,1076,605,1076
85,1066,102,1066,102,1078,85,1078
149,1066,180,1066,180,1082,149,1082
182,1066,221,1066,221,1080,182,1080
223,1066,249,1066,249,1080,223,1080
251,1066,266,1066,266,1078,251,1078
276,1080,296,1080,296,1097,276,1097
521,1078,546,1078,546,1095,521,1095
544,1080,554,1080,554,1095,544,1095
601,1080,607,1080,607,1093,601,1093
104,1082,122,1082,122,1097,104,1097
143,1082,155,1082,155,1097,143,1097
159,1082,194,1082,194,1099,159,1099
198,1082,235,1082,235,1097,198,1097
237,1082,255,1082,255,1097,237,1097
298,1082,327,1082,327,1097,298,1097
329,1082,347,1082,347,1097,329,1097
350,1082,368,1082,368,1097,350,1097
372,1082,399,1082,399,1097,372,1097
401,1082,423,1082,423,1097,401,1097
468,1082,487,1082,487,1095,468,1095
495,1082,521,1082,521,1095,495,1095
552,1082,564,1082,564,1095,552,1095
566,1082,585,1082,585,1097,566,1097
591,1082,603,1082,603,1095,591,1095
614,1082,632,1082,632,1095,614,1095
630,1082,640,1082,640,1095,630,1095
120,1084,141,1084,141,1099,120,1099
253,1084,274,1084,274,1099,253,1099
433,1084,466,1084,466,1097,433,1097
693,1105,743,1105,743,1121,693,1121
861,1105,906,1105,906,1121,861,1121
302,1107,335,1107,335,1123,302,1123
413,1107,446,1107,446,1123,413,1123
449,1109,507,1106,508,1124,450,1127
569,1107,599,1107,599,1121,569,1121
601,1105,622,1105,622,1123,601,1123
747,1105,789,1109,787,1126,745,1122
906,1105,925,1105,925,1123,906,1123
282,1129,319,1129,319,1146,282,1146
417,1129,429,1129,429,1144,417,1144
579,1129,614,1129,614,1144,579,1144
706,1129,767,1129,767,1144,706,1144
861,1128,927,1131,926,1147,861,1144
317,1131,358,1131,358,1146,317,1146
427,1131,461,1134,460,1146,426,1144
458,1131,503,1131,503,1146,458,1146
671,1152,718,1152,718,1179,671,1179
781,1158,816,1158,816,1185,781,1185
135,1160,169,1160,169,1179,135,1179
180,1164,198,1164,198,1179,180,1179
563,1183,630,1180,631,1213,565,1216
92,1183,131,1183,131,1203,92,1203
133,1185,153,1185,153,1203,133,1203
155,1185,180,1185,180,1203,155,1203
184,1187,204,1187,204,1203,184,1203
208,1187,241,1187,241,1201,208,1201
423,1177,480,1187,472,1238,414,1229
721,1210,762,1203,766,1224,725,1232
131,1209,173,1209,173,1230,131,1230
171,1211,202,1211,202,1226,171,1226
700,1213,726,1213,726,1234,700,1234
566,1238,628,1238,628,1271,566,1271
145,1246,188,1246,188,1267,145,1267
429,1250,468,1250,468,1283,429,1283
413,1254,431,1254,431,1283,413,1283
