262,28,345,28,345,65,262,65
423,30,501,30,501,65,423,65
352,34,417,34,417,65,352,65
507,34,540,34,540,67,507,67
546,34,612,34,612,65,546,65
620,34,724,34,724,69,620,69
88,59,124,59,124,77,88,77
122,59,171,59,171,79,122,79
169,59,188,59,188,77,169,77
73,61,90,61,90,77,73,77
313,71,435,71,435,96,313,96
444,71,509,71,509,96,444,96
513,71,577,71,577,96,513,96
581,71,673,71,673,98,581,98
810,73,919,73,919,90,810,90
917,71,962,71,962,90,917,90
736,73,761,73,761,90,736,90
765,75,806,75,806,90,765,90
745,98,794,98,794,112,745,112
415,102,462,102,462,122,415,122
495,101,552,105,550,129,493,124
468,106,478,106,478,122,468,122
483,106,493,106,493,122,483,122
773,114,878,114,878,139,773,139
736,116,759,116,759,135,736,135
738,141,779,141,779,157,738,157
442,163,466,163,466,184,442,184
462,163,483,163,483,184,462,184
481,163,503,163,503,184,481,184
47,165,77,165,77,184,47,184
77,167,92,167,92,184,77,184
120,167,161,167,161,184,120,184
167,167,233,167,233,184,167,184
231,165,257,165,257,184,231,184
255,165,282,165,282,184,255,184
280,165,309,165,309,184,280,184
307,165,352,165,352,184,307,184
352,165,372,165,372,184,352,184
368,165,409,165,409,184,368,184
407,165,444,165,444,184,407,184
90,167,120,167,120,184,90,184
499,167,530,167,530,184,499,184
564,173,597,173,597,188,564,188
642,171,687,171,687,192,642,192
728,170,771,174,769,193,726,189
824,171,847,171,847,188,824,188
849,175,897,170,899,187,851,193
691,176,726,176,726,192,691,192
49,192,118,192,118,208,49,208
122,192,221,192,221,208,122,208
223,192,245,192,245,206,223,206
247,192,284,192,284,206,247,206
286,190,350,190,350,208,286,208
352,190,376,190,376,208,352,208
374,192,409,192,409,208,374,208
419,192,466,192,466,208,419,208
466,190,530,190,530,208,466,208
564,196,599,196,599,210,564,210
657,194,721,198,720,214,656,210
724,196,759,196,759,210,724,210
816,195,880,198,880,213,816,210
884,196,906,196,906,210,884,210
79,210,106,210,106,229,79,229
110,212,176,212,176,229,110,229
200,212,231,212,231,229,200,229
235,212,264,212,264,229,235,229
270,212,327,212,327,229,270,229
331,210,354,210,354,231,331,231
358,212,368,212,368,229,358,229
425,210,458,210,458,229,425,229
462,211,510,213,509,231,461,229
49,212,77,212,77,231,49,231
372,211,425,217,423,234,371,229
581,229,622,229,622,247,581,247
665,229,710,229,710,247,665,247
708,229,728,229,728,247,708,247
730,229,753,229,753,247,730,247
833,229,855,229,855,245,833,245
853,229,914,229,914,247,853,247
914,231,933,231,933,245,914,245
199,230,259,235,257,254,197,249
262,235,290,235,290,249,262,249
292,233,335,233,335,253,292,253
341,235,384,235,384,251,341,251
386,235,401,235,401,251,386,251
403,233,433,233,433,249,403,249
429,233,452,233,452,249,429,249
454,233,485,233,485,251,454,251
487,233,530,233,530,251,487,251
49,255,88,255,88,274,49,274
135,255,173,255,173,276,135,276
243,257,280,257,280,274,243,274
280,255,321,255,321,274,280,274
92,259,133,259,133,276,92,276
198,257,239,257,239,276,198,276
49,282,79,282,79,298,49,298
204,280,239,280,239,298,204,298
241,280,280,280,280,298,241,298
280,280,319,280,319,298,280,298
818,309,890,309,890,325,818,325
896,309,935,309,935,323,896,323
336,315,381,318,380,340,334,337
417,316,497,319,497,341,417,338
376,319,421,319,421,337,376,337
505,319,540,319,540,337,505,337
538,319,560,319,560,337,538,337
57,337,88,337,88,352,57,352
90,335,120,335,120,352,90,352
118,337,139,337,139,352,118,352
141,333,183,337,182,357,139,353
192,337,266,337,266,352,192,352
341,341,390,341,390,360,341,360
393,341,425,341,425,360,393,360
429,343,442,343,442,360,429,360
446,341,468,341,468,360,446,360
505,341,536,341,536,360,505,360
538,341,560,341,560,362,538,362
612,341,642,341,642,362,612,362
644,341,671,341,671,364,644,364
671,341,704,341,704,360,671,360
706,341,749,341,749,362,706,362
775,341,800,341,800,360,775,360
472,345,503,345,503,362,472,362
560,343,609,343,609,362,560,362
751,343,771,343,771,360,751,360
114,358,184,358,184,374,114,374
55,358,83,358,83,376,55,376
85,358,112,358,112,376,85,376
335,366,366,366,366,384,335,384
364,366,440,366,440,384,364,384
57,380,96,380,96,399,57,399
100,381,142,384,140,400,99,397
149,382,184,382,184,397,149,397
237,405,264,405,264,421,237,421
268,407,317,407,317,421,268,421
317,403,362,407,360,426,315,422
415,407,442,407,442,421,415,421
446,407,487,407,487,421,446,421
491,407,526,407,526,421,491,421
583,407,616,407,616,421,583,421
618,405,636,405,636,423,618,423
640,407,697,407,697,423,640,423
777,405,822,405,822,425,777,425
826,407,884,407,884,423,826,423
90,415,118,415,118,431,90,431
120,413,167,413,167,435,120,435
288,427,384,427,384,462,288,462
419,427,440,427,440,446,419,446
438,429,458,429,458,446,438,446
493,429,519,429,519,446,493,446
597,429,652,429,652,446,597,446
775,429,810,429,810,446,775,446
810,427,831,427,831,446,810,446
865,427,882,427,882,446,865,446
249,431,262,431,262,446,249,446
259,431,304,431,304,446,259,446
659,429,693,429,693,462,659,462
820,429,910,429,910,460,820,460
309,433,319,433,319,446,309,446
333,433,345,433,345,446,333,446
456,433,489,433,489,444,456,444
102,440,137,440,137,454,102,454
135,440,159,440,159,454,135,454
122,481,151,481,151,499,122,499
151,481,173,481,173,499,151,499
88,485,120,485,120,499,88,499
843,489,876,489,876,505,843,505
259,491,292,491,292,507,259,507
293,486,337,492,335,513,290,507
431,489,456,489,456,507,431,507
456,488,507,492,505,512,455,508
607,491,642,491,642,505,607,505
644,489,671,489,671,509,644,509
788,491,839,491,839,505,788,505
98,503,131,503,131,524,98,524
135,507,159,507,159,521,135,521
438,513,503,513,503,530,438,530
599,511,636,511,636,530,599,530
804,513,861,513,861,530,804,530
257,515,339,515,339,532,257,532
637,517,677,513,678,529,638,532
88,558,118,558,118,579,88,579
116,558,165,558,165,579,116,579
163,558,247,558,247,579,163,579
249,558,280,558,280,577,249,577
278,558,386,558,386,577,278,577
163,593,247,593,247,614,163,614
249,593,395,593,395,614,249,614
88,595,118,595,118,614,88,614
114,595,165,595,165,614,114,614
807,874,857,878,855,907,804,904
761,878,806,878,806,900,761,900
458,880,503,880,503,900,458,900
638,880,683,880,683,900,638,900
685,880,716,880,716,900,685,900
507,882,550,882,550,900,507,900
554,882,591,882,591,900,554,900
595,882,634,882,634,900,595,900
90,971,134,976,132,996,88,991
137,974,177,978,175,995,135,991
114,998,153,998,153,1013,114,1013
51,1023,73,1023,73,1039,51,1039
81,1023,116,1023,116,1039,81,1039
626,1029,665,1029,665,1043,626,1043
667,1027,695,1027,695,1045,667,1045
693,1032,731,1035,730,1050,692,1047
728,1035,780,1038,779,1054,727,1051
282,1038,330,1041,329,1058,281,1056
352,1038,382,1042,380,1057,350,1053
415,1039,429,1039,429,1054,415,1054
435,1039,476,1039,476,1054,435,1054
51,1041,67,1041,67,1056,51,1056
67,1041,94,1041,94,1056,67,1056
100,1041,106,1041,106,1054,100,1054
128,1039,157,1039,157,1056,128,1056
178,1041,214,1041,214,1056,178,1056
219,1041,255,1041,255,1058,219,1058
257,1041,280,1041,280,1054,257,1054
331,1041,350,1041,350,1054,331,1054
384,1041,411,1041,411,1054,384,1054
587,1039,622,1039,622,1060,587,1060
781,1041,818,1041,818,1056,781,1056
106,1043,126,1043,126,1058,106,1058
155,1043,176,1043,176,1058,155,1058
624,1045,671,1045,671,1082,624,1082
669,1048,697,1048,697,1070,669,1070
693,1052,734,1052,734,1072,693,1072
874,1054,896,1054,896,1070,874,1070
503,1056,513,1056,513,1072,503,1072
734,1056,747,1056,747,1070,734,1070
743,1054,794,1054,794,1074,743,1074
826,1054,851,1054,851,1078,826,1078
898,1056,937,1056,937,1070,898,1070
276,1056,322,1059,321,1077,275,1074
323,1058,352,1058,352,1074,323,1074
354,1058,376,1058,376,1074,354,1074
395,1056,415,1056,415,1072,395,1072
427,1056,465,1059,464,1075,426,1072
468,1058,499,1058,499,1074,468,1074
581,1058,591,1058,591,1070,581,1070
599,1058,626,1058,626,1072,599,1072
790,1056,824,1056,824,1076,790,1076
863,1058,874,1058,874,1072,863,1072
51,1060,65,1060,65,1074,51,1074
69,1060,112,1060,112,1074,69,1074
147,1060,176,1060,176,1074,147,1074
188,1060,216,1060,216,1074,188,1074
219,1060,231,1060,231,1072,219,1072
235,1060,272,1060,272,1076,235,1076
374,1060,384,1060,384,1072,374,1072
386,1060,399,1060,399,1072,386,1072
413,1060,423,1060,423,1072,413,1072
513,1060,571,1060,571,1074,513,1074
114,1062,145,1062,145,1076,114,1076
176,1062,182,1062,182,1074,176,1074
685,1070,710,1070,710,1084,685,1084
491,1072,524,1072,524,1090,491,1090
712,1074,747,1074,747,1088,712,1088
243,1076,262,1076,262,1090,243,1090
266,1076,292,1076,292,1090,266,1090
317,1076,335,1076,335,1090,317,1090
339,1076,366,1076,366,1090,339,1090
368,1076,390,1076,390,1090,368,1090
435,1076,454,1076,454,1090,435,1090
462,1076,489,1076,489,1090,462,1090
534,1076,552,1076,552,1090,534,1090
560,1076,579,1076,579,1088,560,1088
751,1076,779,1076,779,1090,751,1090
69,1078,107,1080,106,1095,68,1092
108,1078,120,1078,120,1093,108,1093
122,1078,151,1078,151,1095,122,1095
161,1078,190,1078,190,1093,161,1093
202,1078,239,1078,239,1093,202,1093
296,1078,315,1078,315,1090,296,1090
403,1078,433,1078,433,1090,403,1090
589,1076,609,1076,609,1095,589,1095
783,1078,796,1078,796,1093,783,1093
149,1080,159,1080,159,1093,149,1093
188,1080,200,1080,200,1090,188,1090
607,1082,650,1082,650,1099,607,1099
650,1082,667,1082,667,1099,650,1099
665,1086,677,1086,677,1103,665,1103
659,1088,726,1088,726,1121,659,1121
722,1093,769,1093,769,1127,722,1127
761,1095,808,1095,808,1113,761,1113
614,1097,663,1097,663,1117,614,1117
536,1099,569,1099,569,1117,536,1117
812,1101,847,1101,847,1117,812,1117
855,1101,876,1101,876,1115,855,1115
878,1099,896,1099,896,1117,878,1117
268,1103,302,1103,302,1119,268,1119
380,1103,413,1103,413,1119,380,1119
417,1103,474,1103,474,1119,417,1119
781,1113,806,1113,806,1131,781,1131
548,1123,583,1123,583,1140,548,1140
247,1125,303,1127,302,1143,247,1141
384,1125,427,1125,427,1140,384,1140
442,1125,464,1125,464,1140,442,1140
851,1125,890,1125,890,1140,851,1140
425,1127,444,1127,444,1142,425,1142
685,1127,728,1127,728,1140,685,1140
300,1129,325,1129,325,1142,300,1142
665,1146,732,1146,732,1174,665,1174
98,1156,137,1156,137,1174,98,1174
141,1158,163,1158,163,1176,141,1176
534,1158,607,1158,607,1197,534,1197
733,1184,789,1177,793,1211,737,1218
57,1181,96,1181,96,1199,57,1199
120,1181,145,1181,145,1201,120,1201
171,1181,206,1181,206,1199,171,1199
100,1185,118,1185,118,1199,100,1199
149,1185,169,1185,169,1199,149,1199
675,1181,730,1181,730,1221,675,1221
382,1187,456,1187,456,1226,382,1226
644,1189,673,1189,673,1219,644,1219
98,1205,122,1205,122,1228,98,1228
120,1209,169,1209,169,1224,120,1224
536,1219,603,1219,603,1256,536,1256
393,1238,442,1238,442,1279,393,1279
440,1240,458,1240,458,1271,440,1271
659,1240,702,1240,702,1273,659,1273
110,1242,153,1242,153,1264,110,1264
243,1242,268,1242,268,1277,243,1277
697,1242,728,1242,728,1277,697,1277
264,1242,331,1242,331,1281,264,1281
116,1267,151,1267,151,1283,116,1283
