55,50,205,49,205,90,56,90
798,18,955,17,956,63,798,64
534,1160,615,1160,615,1195,534,1195
774,117,883,116,883,138,774,138
533,1221,604,1221,604,1254,534,1255
340,367,440,366,440,383,340,383
90,595,247,594,247,611,91,613
667,1148,728,1149,727,1170,667,1170
666,1031,774,1032,773,1050,666,1049
386,1124,472,1124,471,1145,386,1145
313,73,437,74,437,95,313,95
860,72,961,73,961,90,860,89
259,595,391,595,391,610,259,611
836,229,933,230,933,245,836,245
88,559,249,559,249,577,88,576
284,444,388,443,388,460,284,461
738,94,793,94,793,112,738,112
255,515,340,514,340,533,255,534
247,1125,330,1124,330,1140,247,1141
621,36,723,36,723,68,621,68
185,334,267,335,266,352,185,351
95,1206,171,1207,171,1227,95,1226
830,442,905,441,905,458,831,458
693,1108,768,1109,768,1125,693,1124
276,560,383,561,383,577,276,576
737,138,779,138,779,157,737,157
262,25,342,25,343,62,262,62
444,74,511,75,510,94,444,94
664,1097,726,1096,726,1117,664,1118
170,168,248,167,248,181,170,182
505,320,562,320,562,340,505,339
198,235,257,234,257,250,198,251
391,166,500,166,500,181,392,182
356,168,441,168,441,181,356,181
133,192,218,192,218,206,133,206
424,29,498,29,498,62,424,62
653,194,720,194,720,214,653,214
580,73,675,74,674,99,580,99
818,307,892,308,892,325,818,325
671,231,741,231,741,245,671,246
596,427,659,426,659,451,596,451
657,1239,726,1238,726,1276,657,1276
516,74,577,74,576,98,516,98
220,1245,301,1244,301,1280,221,1280
381,1179,453,1179,453,1225,380,1225
288,193,349,193,349,207,288,207
496,104,551,103,551,127,496,127
735,1184,788,1184,788,1210,735,1210
340,343,393,343,393,358,340,358
420,428,489,429,489,445,420,445
104,436,155,436,155,454,104,455
119,359,183,358,183,375,119,376
677,1187,730,1187,730,1222,678,1222
353,35,415,35,415,62,352,62
501,1056,569,1056,569,1072,501,1072
253,429,320,430,320,450,253,450
50,192,109,191,109,206,50,206
437,513,503,513,503,531,436,531
538,36,610,37,610,62,538,62
415,102,463,102,463,123,415,122
638,405,696,406,696,421,638,421
508,881,551,882,550,900,508,900
776,1114,814,1114,814,1130,776,1130
622,1027,664,1026,664,1041,622,1042
855,1099,894,1099,894,1116,855,1116
67,1077,110,1077,109,1095,67,1095
853,172,898,172,898,189,853,189
88,335,137,334,137,351,88,351
817,195,879,194,879,212,818,212
708,343,756,343,756,363,708,363
800,512,861,512,861,529,801,529
410,1101,475,1101,475,1119,410,1119
727,1056,797,1055,797,1070,728,1071
287,1039,330,1039,330,1054,287,1054
593,1080,652,1081,652,1098,593,1097
550,344,611,344,611,363,550,363
595,881,633,881,633,899,595,899
68,1059,111,1058,111,1073,68,1073
459,881,504,881,504,900,459,900
826,404,884,405,884,423,825,423
92,975,133,975,133,993,92,993
116,213,183,213,183,230,116,230
47,167,81,167,81,182,47,181
851,1121,898,1120,898,1142,851,1142
764,1095,808,1095,808,1112,764,1112
465,213,503,213,503,228,465,228
200,281,238,281,238,298,200,298
127,1039,174,1040,174,1056,127,1055
807,875,853,875,854,902,807,902
534,1100,569,1101,569,1117,534,1116
54,381,95,380,95,398,54,398
394,343,431,343,431,359,394,359
446,405,486,405,486,421,446,421
269,214,329,214,329,229,269,229
627,1059,671,1060,671,1080,626,1080
395,1237,461,1237,461,1280,395,1280
120,414,169,414,169,434,120,433
81,168,120,168,120,181,81,182
420,191,465,192,465,207,420,206
486,234,530,233,530,249,486,250
91,257,132,257,132,275,91,275
615,343,658,343,658,361,615,361
294,489,337,490,337,508,294,508
369,213,422,213,422,231,369,230
900,1052,937,1052,937,1069,900,1070
48,332,86,333,86,353,47,353
135,975,174,975,174,992,135,992
276,1057,325,1057,325,1072,276,1072
123,167,189,168,189,181,123,180
554,880,590,881,590,899,554,899
628,1046,669,1047,669,1066,628,1066
637,880,683,881,683,899,636,899
264,167,302,167,302,181,264,181
581,405,614,405,614,421,581,421
198,258,238,257,238,274,198,275
48,258,86,257,86,275,48,275
49,1023,80,1024,80,1038,49,1038
645,173,687,173,687,191,645,191
49,212,77,213,77,228,49,228
58,1183,92,1182,92,1199,58,1199
822,1056,856,1056,857,1075,822,1076
418,321,459,321,459,337,417,337
894,307,936,306,936,324,894,324
809,73,862,72,862,89,809,89
686,879,715,879,715,900,686,900
774,405,821,405,821,424,774,423
116,1266,153,1266,153,1282,116,1282
269,405,315,406,315,421,269,421
776,342,800,342,800,360,776,360
283,257,321,257,321,273,283,273
93,1040,126,1040,126,1055,93,1054
98,1157,137,1158,137,1174,98,1174
460,320,494,320,494,336,460,336
584,1037,623,1037,623,1058,584,1059
880,194,907,194,907,210,880,210
409,233,451,234,451,249,409,249
128,481,174,482,174,498,128,498
231,193,279,194,279,207,231,207
714,1092,761,1092,761,1108,714,1108
460,490,508,490,508,507,460,507
509,36,545,36,545,65,509,65
791,487,840,487,840,505,791,504
108,1243,154,1243,154,1262,108,1262
86,482,119,481,119,498,86,499
811,1098,858,1098,858,1116,811,1116
385,1058,426,1058,426,1072,385,1072
135,255,176,255,176,275,135,275
754,1076,781,1076,781,1091,754,1091
399,1074,430,1074,430,1089,399,1088
759,877,807,877,807,900,759,900
493,1075,529,1074,529,1089,493,1089
823,1119,860,1119,860,1140,824,1140
454,234,486,234,486,250,454,250
489,192,532,192,532,208,489,208
372,192,410,192,410,207,371,207
88,413,119,413,119,433,88,433
728,173,769,173,769,190,728,190
843,485,878,486,878,504,843,504
856,1053,895,1054,895,1072,856,1072
725,195,758,195,758,210,725,210
564,171,599,171,599,188,564,189
693,173,726,173,726,190,693,190
496,166,531,166,531,183,496,183
429,212,458,212,458,228,429,228
719,1073,746,1073,745,1087,719,1087
336,320,376,320,376,336,336,336
77,1023,112,1023,112,1036,77,1036
387,1040,414,1040,414,1052,387,1052
370,400,405,400,405,426,370,426
766,73,804,73,804,91,766,91
784,1058,827,1058,827,1074,784,1073
265,1102,302,1102,302,1117,265,1117
203,1076,238,1076,238,1092,203,1092
377,320,414,321,414,338,377,338
241,282,282,281,282,297,241,297
48,280,78,281,78,299,48,299
671,343,704,343,704,360,671,360
243,1075,265,1076,265,1090,242,1090
507,342,539,342,539,361,507,361
334,1076,364,1075,364,1089,334,1089
294,232,336,233,336,250,294,250
287,281,320,280,320,297,287,297
242,258,284,258,284,274,242,274
781,1039,818,1039,818,1053,781,1053
349,192,386,192,386,206,349,206
261,234,291,234,291,249,261,249
120,1079,159,1079,159,1094,120,1093
317,405,358,405,358,425,317,425
115,996,152,996,152,1011,115,1011
248,560,291,560,291,575,248,575
689,1054,734,1054,734,1069,689,1069
53,357,84,357,84,375,53,375
413,404,440,405,440,421,413,421
581,229,625,229,625,246,581,246
98,504,130,504,130,522,98,522
196,214,229,214,229,228,196,228
259,489,289,489,289,506,259,506
661,439,689,439,689,458,661,458
640,514,677,514,677,531,640,531
233,405,262,405,262,422,233,422
544,1123,583,1123,583,1140,544,1140
177,1039,214,1039,214,1055,176,1054
148,381,184,380,184,397,148,397
216,1039,255,1040,254,1056,216,1056
304,168,349,168,349,181,304,181
734,115,763,115,763,134,734,134
602,512,636,512,636,530,602,530
252,1040,280,1040,279,1054,252,1054
465,343,504,343,505,359,465,360
81,213,106,213,106,228,81,228
562,1070,594,1071,594,1091,562,1090
445,343,475,343,475,360,445,359
138,337,182,338,182,355,138,354
340,234,384,234,384,251,340,251
175,1181,209,1181,209,1198,175,1198
267,1077,295,1077,295,1090,267,1090
611,1098,653,1098,653,1119,611,1119
608,489,642,489,642,505,608,505
822,170,850,170,850,188,822,187
775,1079,803,1080,803,1095,775,1095
79,358,109,358,109,375,79,374
492,406,526,406,526,421,491,421
436,1038,475,1038,475,1052,436,1052
774,424,812,424,811,446,774,445
673,1053,713,1053,713,1069,673,1069
98,381,139,382,139,398,98,398
466,1057,500,1057,499,1072,466,1071
738,343,770,343,770,361,738,361
150,1058,186,1059,186,1074,150,1073
427,1058,462,1058,462,1073,427,1073
705,1100,764,1100,764,1118,705,1118
570,1099,597,1099,596,1116,570,1116
320,1056,349,1056,349,1071,320,1071
491,429,520,430,520,444,491,444
301,1255,332,1255,332,1282,302,1282
704,230,750,231,750,245,704,244
642,1188,667,1188,668,1219,642,1219
119,1182,145,1182,145,1199,119,1199
562,192,597,192,597,210,562,210
644,489,672,489,672,508,644,508
676,1089,718,1090,718,1109,676,1109
466,1072,491,1073,490,1089,465,1088
161,1076,195,1076,195,1090,161,1091
230,215,264,215,264,228,230,228
527,343,566,343,566,361,527,360
354,1059,389,1059,389,1072,354,1072
369,1076,398,1076,398,1090,369,1090
351,1039,380,1040,379,1053,350,1052
377,1102,412,1101,412,1118,378,1118
319,1039,347,1040,347,1054,319,1054
658,1087,694,1087,694,1107,658,1107
733,72,763,73,763,92,732,92
439,1075,465,1075,465,1089,439,1089
473,194,513,194,513,207,473,207
