695,30,919,30,920,66,695,67
711,70,913,69,913,100,711,101
64,1115,162,1115,162,1179,64,1178
161,1045,269,1046,269,1059,161,1058
218,61,335,61,335,108,218,108
97,62,200,62,200,101,97,100
518,543,570,543,570,566,518,566
246,339,327,340,327,351,246,351
551,1048,650,1048,650,1059,551,1059
105,1027,177,1028,177,1042,105,1041
224,190,294,190,294,201,224,201
104,1156,178,1156,178,1201,105,1202
799,1088,860,1089,860,1100,799,1100
272,313,323,312,323,324,272,324
855,183,913,183,913,195,855,195
564,429,610,429,610,442,564,442
780,1175,822,1175,822,1212,780,1212
134,281,173,281,173,339,134,339
100,166,141,165,141,177,100,177
662,185,696,185,696,196,662,196
196,164,242,164,242,175,196,174
196,214,269,214,269,226,196,226
96,137,132,138,132,151,96,150
785,184,842,184,842,197,785,197
840,207,914,207,914,219,840,218
695,688,740,689,740,701,695,700
380,619,422,618,422,629,380,630
516,482,551,483,550,494,516,494
276,162,320,163,320,175,276,175
525,456,565,455,565,468,525,468
599,135,652,134,652,144,599,144
155,191,227,191,227,201,155,202
362,708,421,707,421,718,363,719
238,137,311,137,311,150,238,149
573,955,629,955,629,966,573,965
720,654,781,654,782,667,720,667
595,161,633,161,633,171,595,172
302,1046,359,1045,359,1059,302,1060
706,1130,756,1131,756,1166,705,1165
801,1070,869,1070,869,1082,801,1082
105,1065,142,1066,141,1080,105,1080
308,864,345,864,345,873,308,874
544,161,581,160,582,172,544,173
875,543,918,543,918,558,875,558
184,138,241,138,241,150,183,149
171,899,208,899,209,909,171,909
224,288,282,288,282,301,224,301
726,1110,767,1110,767,1123,726,1123
398,134,450,135,450,149,398,148
518,431,546,431,546,441,518,441
440,693,486,693,486,705,440,705
885,398,921,398,921,410,885,409
145,138,183,138,183,150,145,149
902,478,926,478,926,491,902,490
400,1047,481,1048,481,1058,399,1058
837,884,871,884,871,896,837,896
378,163,429,163,429,176,378,176
486,275,519,275,519,287,486,287
324,884,367,885,367,894,324,893
467,864,504,864,504,875,467,875
478,136,521,135,521,147,478,147
520,136,561,135,561,146,520,146
508,899,547,899,547,911,508,911
127,969,167,970,167,980,127,980
216,1005,263,1005,263,1017,216,1016
611,456,641,456,641,467,611,467
438,1006,474,1006,474,1016,438,1016
361,241,407,241,407,255,361,255
871,1070,905,1070,905,1083,871,1083
419,988,472,988,472,1000,419,999
184,844,215,844,215,857,183,856
814,543,870,543,871,561,815,561
635,865,667,865,667,875,635,875
181,1005,215,1006,215,1017,181,1016
687,672,729,671,729,683,687,683
344,675,391,675,391,686,344,687
96,214,128,214,128,226,96,226
107,845,138,845,138,858,107,858
680,1007,705,1007,705,1018,680,1018
682,1087,724,1086,724,1102,682,1102
95,242,121,242,121,257,95,256
646,1006,679,1006,679,1017,646,1017
696,186,727,186,727,197,696,197
452,161,486,161,487,173,452,173
569,901,606,901,606,911,569,911
118,642,160,642,159,655,118,654
406,953,429,953,429,963,405,963
821,655,854,655,855,668,821,668
129,216,160,216,160,227,129,227
554,135,585,135,585,145,554,145
153,164,186,165,186,175,153,174
268,918,309,918,309,927,268,927
516,673,554,673,554,686,516,686
223,898,265,898,265,909,223,910
726,1173,763,1173,763,1199,726,1199
819,990,856,989,856,1001,819,1001
208,338,238,338,238,352,208,352
393,1069,435,1069,435,1083,393,1083
380,1005,411,1005,411,1016,380,1016
357,864,389,864,389,874,357,874
140,843,180,844,180,856,140,856
218,312,263,313,263,325,217,325
816,922,844,922,844,932,816,932
458,899,501,898,501,910,458,911
670,656,708,657,708,668,669,667
147,1005,183,1006,183,1017,147,1016
656,688,688,688,688,700,657,700
352,1047,388,1047,388,1059,352,1059
343,707,392,708,392,719,343,718
727,273,763,273,763,284,727,284
425,864,455,864,455,875,425,875
891,505,922,505,922,517,891,517
344,691,381,691,381,703,344,703
339,137,370,136,370,148,339,148
491,161,529,161,529,173,491,173
799,884,824,884,825,895,799,896
661,987,695,987,695,999,661,999
682,1109,717,1108,717,1124,682,1124
286,882,316,882,316,891,286,891
295,162,335,162,335,175,296,175
462,936,505,936,505,946,462,946
581,918,619,918,619,928,582,928
703,1006,729,1006,729,1017,703,1017
889,454,922,454,922,466,890,466
112,191,148,191,148,204,112,204
829,955,859,955,859,967,829,967
743,672,780,671,780,685,744,686
600,882,635,882,635,892,600,892
281,899,311,899,311,909,281,909
297,986,332,986,332,997,297,997
190,918,222,918,222,928,190,928
515,403,546,403,546,415,515,415
473,987,500,987,500,998,473,998
125,986,166,986,166,997,125,996
546,402,578,402,578,413,547,414
671,866,703,867,703,877,671,877
555,864,583,864,583,875,555,875
215,864,247,863,247,874,215,874
257,1006,287,1005,287,1016,257,1017
399,677,436,677,436,688,399,688
554,918,583,918,582,928,553,928
695,209,724,209,724,220,695,220
363,899,403,899,403,909,363,909
523,240,544,241,544,253,522,253
409,899,449,899,449,910,409,910
246,936,291,936,291,945,246,945
457,953,488,953,488,962,457,962
752,1088,797,1088,797,1101,752,1101
516,508,554,508,554,521,517,521
774,1111,802,1110,802,1123,774,1123
124,242,159,242,159,257,123,257
741,273,779,273,779,285,741,285
121,918,157,918,157,927,121,928
548,1006,583,1007,583,1017,548,1017
626,903,657,903,656,912,626,912
344,163,375,163,375,174,344,174
160,215,193,215,193,227,160,227
502,883,533,884,533,894,502,894
125,620,177,620,177,631,125,631
241,883,274,884,273,894,241,894
187,864,218,864,218,875,187,875
761,885,802,885,802,895,761,894
466,1047,516,1047,516,1059,466,1060
371,864,405,864,405,874,371,874
344,987,376,987,376,997,344,997
506,864,546,864,546,875,506,876
857,919,884,920,884,932,857,931
876,885,906,885,906,899,876,898
855,454,890,454,890,467,855,467
458,672,496,673,495,685,458,684
868,399,905,399,905,410,868,410
676,640,714,641,714,652,676,651
769,1070,801,1070,801,1082,769,1082
274,288,306,287,306,299,274,299
678,1173,709,1173,709,1197,678,1197
172,882,199,882,199,892,172,892
318,1006,348,1006,348,1017,318,1017
835,271,871,271,871,284,835,284
790,654,820,655,819,667,790,666
369,134,398,135,398,147,368,146
758,902,790,902,790,913,758,913
454,884,485,884,485,894,454,894
107,900,139,900,139,911,107,911
132,901,163,901,163,910,132,910
638,238,667,238,667,251,638,251
284,1006,307,1006,307,1017,284,1017
854,235,887,236,886,248,853,248
413,162,449,162,449,174,413,174
788,990,816,989,816,1002,788,1002
341,641,363,640,363,652,341,652
708,955,745,954,745,966,708,967
679,953,706,953,706,963,679,963
324,864,357,864,357,874,324,873
215,935,242,935,242,944,216,944
510,954,546,954,546,965,510,965
117,863,148,863,148,875,117,875
428,1070,457,1070,457,1082,428,1082
691,989,721,989,720,1000,691,1000
629,955,658,956,658,965,629,964
728,885,761,884,761,894,728,894
170,165,213,165,213,175,170,176
661,919,701,919,701,928,661,929
890,235,914,235,914,247,890,246
677,936,710,936,710,946,677,946
164,952,197,951,197,961,165,961
373,987,406,987,406,997,373,997
735,1069,769,1069,769,1081,735,1081
529,935,572,935,572,946,529,946
606,208,640,209,640,223,606,223
345,901,393,901,394,910,345,911
870,989,895,989,895,1001,870,1001
105,968,141,968,142,980,105,980
350,1005,382,1005,382,1016,350,1016
515,1048,549,1048,549,1060,515,1060
515,275,547,275,547,287,515,287
674,209,702,209,702,220,674,220
631,655,672,656,672,669,631,669
747,236,782,236,782,250,747,250
106,951,134,951,134,962,106,962
476,1005,510,1005,510,1016,476,1016
360,953,382,954,382,962,360,962
706,613,741,614,741,627,706,626
638,209,668,209,668,221,638,221
514,1007,542,1007,542,1017,514,1017
853,989,883,990,883,1000,853,1000
735,955,771,955,771,966,735,966
758,990,787,989,787,1001,758,1001
725,1089,757,1089,757,1101,724,1100
644,884,677,884,677,893,644,893
799,956,826,956,826,966,799,966
630,638,660,639,659,652,629,651
253,162,281,163,281,174,253,174
628,615,660,615,660,629,628,628
105,1003,132,1003,132,1014,105,1014
869,271,901,271,901,283,869,283
392,642,422,642,422,652,392,652
157,918,190,918,190,928,157,928
780,672,808,672,808,685,780,685
366,642,392,642,391,652,366,652
342,618,365,618,365,629,342,629
419,884,454,884,454,894,419,894
494,239,520,239,520,253,494,252
427,617,454,618,454,628,427,628
720,988,754,988,753,1000,720,1000
598,989,628,989,628,1000,598,1000
586,402,612,402,612,413,586,413
577,456,610,456,610,467,578,467
865,955,891,955,891,967,865,967
584,1006,626,1006,626,1017,584,1017
661,616,701,616,701,627,661,627
681,902,712,902,711,911,681,911
633,672,674,672,674,687,632,686
623,919,652,919,652,928,623,928
521,865,559,866,559,877,521,877
725,902,755,902,755,911,725,911
714,1070,744,1071,744,1081,713,1081
864,505,895,505,895,518,864,517
536,987,575,987,575,998,536,998
144,881,171,881,171,892,144,892
308,900,345,901,345,911,308,911
416,674,449,674,449,685,416,685
458,136,487,136,487,147,458,147
313,136,340,136,340,148,313,148
540,955,578,955,578,965,540,965
501,673,531,673,531,686,501,686
715,940,736,939,736,949,715,949
426,935,459,935,459,947,425,947
408,1006,436,1006,436,1016,408,1016
805,922,831,922,831,931,805,931
338,899,378,899,378,909,338,909
288,955,316,956,316,967,288,966
270,1006,299,1006,299,1017,270,1016
341,919,369,919,369,928,341,928
169,986,198,986,198,995,169,996
269,864,304,864,304,874,269,874
830,921,855,921,855,933,830,933
629,989,657,989,657,1000,629,1000
575,987,600,987,600,998,575,998
251,918,291,918,291,927,251,927
223,882,252,882,252,892,223,892
143,166,175,166,175,176,143,176
509,904,549,904,549,916,509,915
419,1006,452,1006,452,1016,419,1016
675,882,701,882,701,892,675,892
394,1006,424,1006,424,1016,394,1016
602,1048,659,1049,659,1060,602,1060
420,901,461,900,462,911,420,912
358,659,394,659,394,669,358,669
586,864,619,864,619,875,586,875
176,864,205,864,205,876,176,875
371,885,399,885,399,894,371,893
365,619,400,619,400,629,365,630
665,1007,696,1007,696,1018,665,1018
648,186,680,186,680,197,648,197
117,881,146,881,146,892,117,892
428,162,460,162,460,174,428,174
821,883,846,883,846,895,821,895
412,864,441,864,441,874,412,874
897,543,927,543,927,557,897,557
326,1047,379,1046,379,1058,327,1059
385,864,418,864,417,874,385,874
810,883,836,883,836,895,810,895
