236,1730,300,1730,300,1745,236,1745,0.7977262
307,1729,341,1729,341,1749,307,1749,0.65563786
562,1726,620,1726,620,1745,562,1745,0.8001983
198,1726,232,1726,232,1748,198,1748,0.8462291
145,1726,193,1726,193,1746,145,1746,0.79456437
679,1726,721,1726,721,1741,679,1741,0.7984618
444,1725,499,1725,499,1744,444,1744,0.57815593
266,1650,322,1647,324,1673,267,1676,0.6419625
141,1649,226,1649,226,1673,141,1673,0.6645198
235,1649,258,1649,258,1673,235,1673,0.71736777
643,1646,685,1646,685,1668,643,1668,0.8717389
552,1643,635,1643,635,1672,552,1672,0.82544273
505,1645,543,1645,543,1665,505,1665,0.86871445
361,1627,401,1627,401,1665,361,1665,0.41269222
8,1604,29,1604,29,1614,8,1614,0.44972932
368,1586,398,1586,398,1597,368,1597,0.39374784
905,1536,997,1541,995,1575,903,1570,0.5652943
332,1524,338,1531,332,1537,325,1530,0.33967084
503,1511,511,1511,511,1517,503,1517,0.37113187
410,1511,417,1511,417,1519,410,1519,0.41820306
554,1503,626,1503,626,1526,554,1526,0.36263138
337,1503,344,1509,338,1515,331,1509,0.33486223
307,1505,315,1505,315,1512,307,1512,0.32571825
363,1485,553,1485,553,1542,363,1542,0.33593765
465,1482,482,1482,482,1493,465,1493,0.342399
59,1396,484,1448,454,1689,29,1637,0.44169506
624,1482,769,1447,783,1507,638,1542,0.38675317
564,1459,725,1436,734,1500,573,1523,0.34196752
432,1450,467,1450,467,1465,432,1465,0.56790894
459,1440,525,1445,523,1471,457,1465,0.484283
538,1439,637,1439,637,1469,538,1469,0.5129872
629,1423,807,1423,807,1480,629,1480,0.5533661
899,1417,1000,1417,1000,1474,899,1474,0.56455994
236,1429,306,1429,306,1439,236,1439,0.39142445
197,1428,220,1428,220,1438,197,1438,0.45054337
141,1423,185,1423,185,1438,141,1438,0.44455573
438,1411,492,1411,492,1442,438,1442,0.63958126
672,1410,810,1402,812,1441,674,1449,0.5200811
554,1405,617,1408,616,1439,552,1436,0.612918
626,1404,675,1404,675,1436,626,1436,0.6094284
495,1398,552,1398,552,1436,495,1436,0.67724013
226,1336,270,1336,270,1359,226,1359,0.825388
171,1331,219,1331,219,1362,171,1362,0.66120166
130,1324,182,1330,178,1364,126,1358,0.5598279
130,1293,221,1293,221,1323,130,1323,0.708258
281,1291,340,1291,340,1323,281,1323,0.8410729
230,1293,274,1293,274,1318,230,1318,0.82449585
879,1272,1000,1272,1000,1378,879,1378,0.75955963
799,1290,837,1290,837,1312,799,1312,0.88470155
732,1290,791,1290,791,1310,732,1310,0.86784256
602,1287,685,1287,685,1316,602,1316,0.8438661
442,1291,458,1291,458,1316,442,1316,0.43306717
690,1289,726,1289,726,1310,690,1310,0.8477099
552,1286,594,1286,594,1312,552,1312,0.8335163
431,1249,473,1249,473,1278,431,1278,0.8395479
480,1247,538,1247,538,1276,480,1276,0.8375595
224,1248,260,1248,260,1276,224,1276,0.7213604
129,1247,220,1247,220,1275,129,1275,0.74628633
647,1248,678,1248,678,1271,647,1271,0.7109668
3,1212,26,1212,26,1230,3,1230,0.3904187
14,1187,35,1187,35,1205,14,1205,0.356382
299,1174,336,1174,336,1189,299,1189,0.8220996
204,1168,287,1168,287,1197,204,1197,0.8177583
130,1167,194,1167,194,1198,130,1198,0.852103
344,1167,389,1167,389,1190,344,1190,0.84804267
394,1163,442,1163,442,1194,394,1194,0.6942408
444,1147,503,1147,503,1194,444,1194,0.7652586
486,1139,576,1135,578,1188,488,1192,0.56743497
183,1124,231,1124,231,1155,183,1155,0.7091303
129,1125,179,1125,179,1149,129,1149,0.83669
542,1119,595,1119,595,1145,542,1145,0.46062303
489,1118,546,1118,546,1148,489,1148,0.5608404
361,1102,443,1102,443,1149,361,1149,0.6283835
913,1096,999,1096,999,1159,913,1159,0.42967775
529,1106,552,1106,552,1124,529,1124,0.35978448
701,1095,793,1095,793,1147,701,1147,0.65379184
610,1093,724,1089,726,1145,611,1148,0.60383004
132,1086,221,1086,221,1110,132,1110,0.89876896
946,1086,954,1094,948,1100,940,1092,0.3439771
230,1082,291,1082,291,1111,230,1111,0.7613179
906,1069,994,1076,991,1111,903,1104,0.507069
505,1086,512,1080,518,1086,511,1092,0.34395605
288,1064,413,1064,413,1107,288,1107,0.73773104
0,1063,56,1063,56,1107,0,1107,0.65173024
397,1060,469,1060,469,1110,397,1110,0.38735577
456,1057,594,1054,595,1110,457,1113,0.4399736
581,1054,638,1058,635,1103,578,1099,0.5321183
614,1048,893,1040,895,1112,616,1120,0.45450568
363,1046,376,1046,376,1057,363,1057,0.34543702
189,1040,249,1040,249,1069,189,1069,0.8728822
129,1042,181,1042,181,1063,129,1063,0.8684904
251,1033,302,1033,302,1064,251,1064,0.81787765
375,1030,457,1030,457,1060,375,1060,0.7799497
283,1027,367,1021,370,1066,286,1072,0.5751449
664,1027,674,1027,674,1042,664,1042,0.32893437
0,1017,65,1017,65,1075,0,1075,0.62552625
774,1013,853,1019,850,1065,771,1059,0.61026466
659,1022,670,1022,670,1044,659,1044,0.32452756
454,998,795,998,795,1073,454,1073,0.38172755
178,1003,220,1003,220,1029,178,1029,0.7921894
227,996,285,996,285,1021,227,1021,0.8808596
129,996,174,996,174,1022,129,1022,0.7780022
415,979,540,973,543,1021,418,1028,0.67070794
315,976,413,976,413,1022,315,1022,0.719495
529,973,609,973,609,1021,529,1021,0.6017293
599,965,628,965,628,984,599,984,0.5499361
640,957,732,957,732,981,640,981,0.7153525
170,958,209,958,209,980,170,980,0.8239365
128,958,162,958,162,980,128,980,0.80093044
375,944,498,939,499,978,376,983,0.6527609
500,939,586,939,586,980,500,980,0.46251154
285,937,387,937,387,981,285,981,0.7587825
264,903,338,903,338,922,264,922,0.7454972
504,897,621,897,621,930,504,930,0.7985643
348,897,379,897,379,930,348,930,0.8339732
440,895,496,895,496,925,440,925,0.881432
386,896,433,896,433,923,386,923,0.8800482
932,861,988,861,988,891,932,891,0.4149717
103,805,197,808,196,838,102,835,0.795152
215,794,303,801,300,836,212,829,0.54102015
957,795,982,795,982,820,957,820,0.3260465
76,792,90,792,90,807,76,807,0.445101
619,764,725,786,710,859,604,837,0.45489883
584,762,625,762,625,789,584,789,0.3706788
760,759,812,759,812,785,760,785,0.79810864
704,724,1000,724,1000,876,704,876,0.38911444
684,752,750,757,746,793,681,787,0.7227037
626,758,677,758,677,784,626,784,0.7106505
246,747,312,757,307,795,240,785,0.35585836
22,751,103,751,103,780,22,780,0.90211284
113,751,173,751,173,777,113,777,0.8102502
179,747,241,750,239,782,177,778,0.74273515
285,700,666,727,656,868,275,840,0.49408734
965,704,997,704,997,732,965,732,0.82827586
897,701,960,704,958,733,895,729,0.7852696
358,689,533,692,532,731,357,728,0.7234379
22,694,80,694,80,719,22,719,0.9386091
213,682,243,686,238,723,208,719,0.57826775
258,675,340,675,340,728,258,728,0.8020877
571,663,683,667,680,737,569,733,0.831261
503,599,619,603,617,641,502,637,0.83854073
414,597,497,597,497,632,414,632,0.8344077
617,544,749,544,749,582,617,582,0.9082315
452,541,597,544,596,582,451,579,0.8475663
278,513,434,516,432,581,277,578,0.86332697
518,462,534,462,534,471,518,471,0.36113334
511,451,529,451,529,460,511,460,0.4149092
496,451,518,451,518,460,496,460,0.4086363
437,359,599,366,593,521,431,514,0.5537649
977,286,1000,286,1000,313,977,313,0.7733976
895,282,974,282,974,317,895,317,0.83738965
438,284,447,284,447,294,438,294,0.36119613
655,273,726,277,724,310,653,307,0.8737879
567,273,647,273,647,307,567,307,0.75558054
504,272,539,272,539,299,504,299,0.8722465
457,269,499,269,499,305,457,305,0.8547456
380,268,428,268,428,302,380,302,0.87581986
314,268,371,268,371,301,314,301,0.8173924
961,236,1000,236,1000,269,961,269,0.82094014
896,235,937,239,934,268,893,265,0.77213985
774,236,848,236,848,260,774,260,0.807508
688,225,766,225,766,265,688,265,0.8595692
572,220,677,225,676,255,570,250,0.79540604
419,218,565,221,565,255,418,252,0.75107783
372,219,420,219,420,246,372,246,0.73258626
187,214,358,217,357,251,186,248,0.7822581
576,28,601,28,601,46,576,46,0.35787886
