1638,2330,1638,2337,1636,2339,1627,2339,1625,2337,1625,2332,1627,2330,1629,2330,1632,2328,1636,2328,0.6683623691877494
1629,2330,1629,2337,1627,2339,1618,2339,1616,2337,1616,2332,1618,2330,1620,2330,1623,2328,1627,2328,0.677435874258383
1620,2330,1620,2337,1618,2339,1609,2339,1607,2337,1607,2332,1609,2330,1611,2330,1614,2328,1618,2328,0.6787611173036007
1611,2330,1611,2337,1609,2339,1600,2339,1598,2337,1598,2332,1600,2330,1602,2330,1605,2328,1609,2328,0.6578951808265769
1602,2330,1602,2337,1600,2339,1591,2339,1589,2337,1589,2332,1591,2330,1593,2330,1596,2328,1600,2328,0.6514567572336931
1593,2330,1593,2337,1591,2339,1582,2339,1580,2337,1580,2332,1582,2330,1584,2330,1587,2328,1591,2328,0.5970565707494433
1584,2330,1584,2337,1582,2339,1573,2339,1571,2337,1571,2332,1573,2330,1575,2330,1578,2328,1582,2328,0.5720159076333333
1575,2330,1575,2337,1573,2339,1564,2339,1562,2337,1562,2332,1564,2330,1566,2330,1569,2328,1573,2328,0.6225195539434656
1566,2330,1566,2337,1564,2339,1555,2339,1553,2337,1553,2332,1555,2330,1557,2330,1560,2328,1564,2328,0.623495375755458
1557,2330,1557,2337,1555,2339,1546,2339,1544,2337,1544,2332,1546,2330,1548,2330,1551,2328,1555,2328,0.6416218999880725
1548,2330,1548,2337,1546,2339,1537,2339,1535,2337,1535,2332,1537,2330,1539,2330,1542,2328,1546,2328,0.6338940960928225
1539,2330,1539,2337,1537,2339,1528,2339,1526,2337,1526,2332,1528,2330,1530,2330,1533,2328,1537,2328,0.648588302375104
1530,2330,1530,2337,1528,2339,1519,2339,1517,2337,1517,2332,1519,2330,1521,2330,1524,2328,1528,2328,0.6364127510997395
1521,2330,1521,2337,1519,2339,1510,2339,1508,2337,1508,2332,1510,2330,1512,2330,1515,2328,1519,2328,0.6111714132667447
1342,2330,1342,2337,1339,2339,1330,2339,1328,2337,1328,2332,1330,2330,1333,2330,1335,2328,1339,2328,0.683100620087666
1333,2330,1333,2337,1330,2339,1321,2339,1319,2337,1319,2332,1321,2330,1324,2330,1326,2328,1330,2328,0.6851151598071178
1324,2330,1324,2337,1321,2339,1312,2339,1310,2337,1310,2332,1312,2330,1315,2330,1317,2328,1321,2328,0.6917852191299272
1306,2330,1306,2337,1303,2339,1294,2339,1292,2337,1292,2332,1294,2330,1297,2330,1299,2328,1303,2328,0.6851188467206577
1297,2330,1297,2337,1294,2339,1285,2339,1283,2337,1283,2332,1285,2330,1288,2330,1290,2328,1294,2328,0.6879093924743267
1162,2330,1162,2337,1160,2339,1151,2339,1148,2337,1148,2332,1151,2330,1153,2330,1155,2328,1160,2328,0.63182485762697
1153,2330,1153,2337,1151,2339,1142,2339,1139,2337,1139,2332,1142,2330,1144,2330,1146,2328,1151,2328,0.6140130074838034
1099,2330,1099,2337,1097,2339,1088,2339,1085,2337,1085,2332,1088,2330,1090,2330,1092,2328,1097,2328,0.6420383855270652
796,2332,796,2335,789,2339,753,2339,746,2335,746,2332,751,2328,791,2328,0.5666671195727152
748,2330,751,2330,753,2332,753,2337,751,2339,742,2339,739,2337,739,2332,744,2328,746,2328,0.5178971716847558
739,2330,742,2330,744,2332,744,2337,742,2339,733,2339,730,2337,730,2332,735,2328,737,2328,0.522470597912056
730,2330,733,2330,735,2332,735,2337,733,2339,724,2339,721,2337,721,2332,726,2328,728,2328,0.5183101831756246
281,2330,281,2337,279,2339,270,2339,267,2337,267,2332,270,2330,272,2330,274,2328,279,2328,0.661791119652872
13,2328,13,2332,9,2337,4,2337,2,2335,2,2328,4,2326,11,2326,0.6045550175011158
1647,2323,1647,2328,1643,2332,1638,2332,1636,2330,1636,2323,1638,2321,1645,2321,0.5880647814134136
1638,2323,1638,2328,1634,2332,1629,2332,1625,2328,1625,2323,1627,2321,1636,2321,0.5806790125595095
1629,2323,1629,2328,1625,2332,1620,2332,1618,2330,1618,2323,1620,2321,1627,2321,0.5422418151050806
1589,2328,1589,2323,1593,2319,1607,2319,1611,2323,1611,2328,1607,2332,1593,2332,0.539601003461333
1521,2323,1521,2328,1517,2332,1512,2332,1508,2328,1508,2323,1510,2321,1519,2321,0.551836830098182
1142,2335,1137,2330,1137,2326,1144,2319,1148,2319,1153,2323,1153,2328,1146,2335,0.6231970757465152
207,2326,207,2328,205,2330,205,2332,202,2335,198,2335,196,2332,196,2323,198,2321,202,2321,0.5836775253097025
135,2323,135,2330,133,2332,128,2332,124,2328,124,2323,126,2321,133,2321,0.50636624135077
126,2326,126,2328,124,2330,124,2332,121,2335,117,2335,115,2332,115,2323,117,2321,121,2321,0.5451582764776853
119,2323,119,2328,117,2330,115,2330,115,2332,112,2335,108,2335,106,2332,106,2323,108,2321,117,2321,0.5618808611761779
110,2323,110,2328,108,2330,106,2330,106,2332,103,2335,99,2335,97,2332,97,2323,99,2321,108,2321,0.5530951248947531
99,2326,99,2328,97,2330,97,2332,94,2335,90,2335,88,2332,88,2323,90,2321,94,2321,0.5245114960349523
92,2323,92,2328,90,2330,88,2330,88,2332,85,2335,81,2335,79,2332,79,2323,81,2321,90,2321,0.5570343559375033
535,2323,535,2326,526,2335,521,2335,517,2330,517,2326,524,2319,530,2319,0.4992592381636819
517,2323,517,2326,508,2335,503,2335,499,2330,499,2323,503,2319,512,2319,0.5298300964932423
508,2323,508,2326,499,2335,494,2335,490,2330,490,2323,494,2319,503,2319,0.5431694256607443
499,2323,499,2326,490,2335,485,2335,481,2330,481,2323,485,2319,494,2319,0.5236016799681238
490,2323,490,2326,481,2335,476,2335,472,2330,472,2323,476,2319,485,2319,0.5254694399845903
481,2323,481,2326,472,2335,467,2335,463,2330,463,2323,467,2319,476,2319,0.5370577751178643
472,2323,472,2326,463,2335,458,2335,454,2330,454,2323,458,2319,467,2319,0.5486319685180207
463,2323,463,2326,454,2335,449,2335,445,2330,445,2326,452,2319,458,2319,0.5263096201055709
454,2323,454,2326,445,2335,440,2335,436,2330,436,2326,443,2319,449,2319,0.5258616128978448
445,2323,445,2326,436,2335,431,2335,427,2330,427,2326,434,2319,440,2319,0.5711972435270177
436,2323,436,2326,427,2335,422,2335,418,2330,418,2326,425,2319,431,2319,0.5751694758712094
427,2323,427,2326,418,2335,414,2335,409,2330,409,2326,416,2319,422,2319,0.5699440711339573
418,2323,418,2326,409,2335,405,2335,400,2330,400,2326,407,2319,414,2319,0.5588834230632831
409,2323,409,2326,400,2335,396,2335,391,2330,391,2326,398,2319,405,2319,0.554495902083646
400,2323,400,2326,391,2335,387,2335,382,2330,382,2326,389,2319,396,2319,0.5608696978565099
391,2323,391,2326,382,2335,378,2335,373,2330,373,2326,380,2319,387,2319,0.5872476761764523
382,2323,382,2326,373,2335,369,2335,364,2330,364,2326,371,2319,378,2319,0.5726935000436949
373,2323,373,2326,364,2335,362,2335,355,2328,355,2326,362,2319,369,2319,0.5222311764919141
364,2323,364,2326,355,2335,353,2335,346,2328,346,2326,353,2319,360,2319,0.5417012722618892
355,2323,355,2326,346,2335,344,2335,337,2328,337,2326,344,2319,351,2319,0.5527828074773424
346,2323,346,2326,337,2335,335,2335,328,2328,328,2326,335,2319,342,2319,0.5437451676662022
337,2323,337,2326,328,2335,324,2335,319,2330,319,2326,326,2319,333,2319,0.5733978852739609
328,2323,328,2326,319,2335,315,2335,310,2330,310,2326,317,2319,324,2319,0.5678746231521169
319,2323,319,2326,310,2335,306,2335,301,2330,301,2326,308,2319,315,2319,0.5589478182438243
310,2323,310,2326,301,2335,297,2335,292,2330,292,2326,299,2319,306,2319,0.5704857611401368
301,2323,301,2326,292,2335,290,2335,283,2328,283,2326,290,2319,297,2319,0.5515473968189326
292,2323,292,2326,283,2335,281,2335,274,2328,274,2326,281,2319,288,2319,0.5661346918786876
283,2323,283,2326,274,2335,272,2335,265,2328,265,2326,272,2319,279,2319,0.583432700492267
272,2321,272,2328,270,2330,267,2330,265,2332,261,2332,258,2330,258,2323,261,2321,263,2321,265,2319,270,2319,0.5615766789996997
252,2335,247,2330,247,2326,254,2319,261,2319,265,2323,265,2326,256,2335,0.613226780855459
243,2335,238,2330,238,2326,245,2319,252,2319,256,2323,256,2326,247,2335,0.6193130491818818
234,2335,229,2330,229,2326,236,2319,243,2319,247,2323,247,2326,238,2335,0.5971766850044433
225,2335,220,2330,220,2326,227,2319,234,2319,238,2323,238,2326,229,2335,0.6017364337393599
216,2335,211,2330,211,2326,218,2319,225,2319,229,2323,229,2326,220,2335,0.6163601192593988
207,2335,202,2330,202,2326,209,2319,216,2319,220,2323,220,2326,211,2335,0.6539596662041731
182,2321,182,2328,180,2330,171,2330,169,2328,169,2323,171,2321,173,2321,175,2319,180,2319,0.5498628386726173
173,2321,173,2328,171,2330,162,2330,160,2328,160,2323,162,2321,164,2321,166,2319,171,2319,0.545569312454273
153,2335,148,2330,148,2326,155,2319,162,2319,166,2323,166,2326,157,2335,0.6054106216825959
146,2321,146,2328,144,2330,135,2330,133,2328,133,2323,135,2321,137,2321,139,2319,144,2319,0.5725440064874979
1593,2328,1589,2332,1575,2332,1569,2326,1569,2321,1573,2317,1578,2317,1580,2319,1582,2317,1587,2317,1593,2323,0.5226032917870564
1535,2319,1535,2321,1537,2321,1539,2323,1539,2328,1537,2330,1528,2330,1526,2328,1526,2319,1528,2317,1533,2317,0.6090539447031915
1526,2319,1526,2321,1528,2321,1530,2323,1530,2328,1528,2330,1519,2330,1517,2328,1517,2319,1519,2317,1524,2317,0.6031696590143838
852,2319,852,2321,854,2321,856,2323,856,2328,854,2330,845,2330,843,2328,843,2319,845,2317,849,2317,0.6359423172834795
843,2319,843,2321,845,2321,847,2323,847,2328,845,2330,836,2330,834,2328,834,2319,836,2317,840,2317,0.6208648376632482
834,2319,834,2321,836,2321,838,2323,838,2328,836,2330,827,2330,825,2328,825,2319,827,2317,831,2317,0.6348422591690905
825,2319,825,2321,827,2321,829,2323,829,2328,827,2330,818,2330,816,2328,816,2319,818,2317,823,2317,0.6340361995971762
816,2319,816,2321,818,2321,820,2323,820,2328,818,2330,809,2330,807,2328,807,2319,809,2317,814,2317,0.6453484863159247
807,2319,807,2321,809,2321,811,2323,811,2328,809,2330,800,2330,798,2328,798,2319,800,2317,805,2317,0.642156898509711
798,2319,798,2321,800,2321,802,2323,802,2328,800,2330,791,2330,789,2328,789,2319,791,2317,796,2317,0.6076784370670794
789,2319,789,2321,791,2321,793,2323,793,2328,791,2330,782,2330,780,2328,780,2319,782,2317,787,2317,0.5857752064621309
780,2319,780,2321,782,2321,784,2323,784,2328,782,2330,773,2330,771,2328,771,2319,773,2317,778,2317,0.5834959956118837
771,2319,771,2321,773,2321,775,2323,775,2328,773,2330,764,2330,762,2328,762,2319,764,2317,769,2317,0.5667769598658197
762,2319,762,2321,764,2321,766,2323,766,2328,764,2330,755,2330,753,2328,753,2319,755,2317,760,2317,0.5762696827587206
753,2319,753,2321,755,2321,757,2323,757,2328,755,2330,746,2330,744,2328,744,2319,746,2317,751,2317,0.5781030295765959
744,2319,744,2321,746,2321,748,2323,748,2328,746,2330,737,2330,735,2328,735,2319,737,2317,742,2317,0.5807832173013594
735,2319,735,2321,737,2321,739,2323,739,2328,737,2330,728,2330,726,2328,726,2319,728,2317,733,2317,0.5818527449155226
726,2319,726,2321,728,2321,730,2323,730,2328,728,2330,719,2330,717,2328,717,2319,719,2317,724,2317,0.5698396348452661
717,2319,717,2321,719,2321,721,2323,721,2328,719,2330,710,2330,708,2328,708,2319,710,2317,715,2317,0.5483739839692134
712,2323,712,2328,708,2332,640,2332,636,2330,634,2323,636,2319,638,2317,643,2315,645,2317,649,2315,654,2317,658,2315,663,2317,667,2315,672,2317,676,2315,681,2317,685,2315,690,2317,694,2315,699,2317,703,2315,0.5339207791587492
636,2319,638,2319,643,2323,643,2326,636,2332,631,2332,625,2326,625,2321,629,2317,634,2317,0.5407058302985711
627,2319,629,2319,634,2323,634,2326,627,2332,622,2332,616,2326,616,2321,620,2317,625,2317,0.5525122168344548
618,2319,620,2319,625,2323,625,2326,618,2332,614,2332,607,2326,607,2321,611,2317,616,2317,0.5421001322231151
602,2335,598,2330,598,2321,602,2317,607,2317,609,2319,611,2319,616,2323,616,2326,607,2335,0.5678950060189337
593,2335,589,2330,589,2321,593,2317,598,2317,600,2319,602,2319,607,2323,607,2326,598,2335,0.5517942932404011
591,2319,593,2319,598,2323,598,2326,589,2335,584,2335,580,2330,580,2321,584,2317,589,2317,0.5487427778299088
587,2328,580,2335,575,2335,571,2330,571,2321,575,2317,580,2317,587,2323,0.5234050570011494
573,2319,575,2319,580,2323,580,2326,571,2335,566,2335,562,2330,562,2321,566,2317,571,2317,0.5699771152272739
564,2319,566,2319,571,2323,571,2326,562,2335,557,2335,553,2330,553,2321,557,2317,562,2317,0.5431561106411011
555,2319,557,2319,562,2323,562,2326,553,2335,548,2335,544,2330,544,2321,548,2317,553,2317,0.5484694235694959
546,2319,548,2319,553,2323,553,2326,544,2335,539,2335,535,2330,535,2321,539,2317,544,2317,0.5495339652027368
537,2319,539,2319,544,2323,544,2326,535,2335,530,2335,526,2330,526,2321,530,2317,535,2317,0.5503287333742027
519,2319,521,2319,526,2323,526,2326,517,2335,512,2335,508,2330,508,2321,512,2317,517,2317,0.5365904816679413
1647,2315,1647,2319,1643,2323,1638,2323,1634,2319,1634,2315,1636,2312,1645,2312,0.5165822018170729
622,2315,622,2319,618,2323,614,2323,609,2319,609,2315,611,2312,620,2312,0.4753531697982301
596,2315,596,2319,591,2323,587,2323,582,2319,582,2315,584,2312,593,2312,0.454812062108734
587,2315,587,2319,582,2323,578,2323,573,2319,573,2315,575,2312,584,2312,0.4686619419953786
578,2315,578,2319,573,2323,569,2323,564,2319,564,2315,566,2312,575,2312,0.4642362519589369
290,2315,290,2319,285,2323,281,2323,276,2319,276,2315,279,2312,288,2312,0.5189848560209308
146,2315,146,2319,142,2323,130,2323,126,2319,126,2315,130,2310,142,2310,0.5263779690489173
1616,2319,1616,2315,1620,2310,1634,2310,1638,2315,1638,2319,1634,2323,1620,2323,0.5355743911652826
1600,2328,1598,2326,1593,2328,1587,2326,1584,2323,1575,2323,1571,2326,1562,2321,1560,2317,1566,2310,1607,2310,1611,2315,1611,2319,1602,2328,0.5422701060916653
1539,2312,1539,2319,1537,2321,1528,2321,1526,2319,1526,2315,1528,2312,1530,2312,1533,2310,1537,2310,0.6181917243296854
1530,2312,1530,2319,1528,2321,1519,2321,1517,2319,1517,2315,1519,2312,1521,2312,1524,2310,1528,2310,0.6292631593756737
1521,2312,1521,2319,1519,2321,1510,2321,1508,2319,1508,2315,1510,2312,1512,2312,1515,2310,1519,2310,0.621075281362909
1512,2312,1512,2319,1510,2321,1501,2321,1499,2319,1499,2315,1501,2312,1503,2312,1506,2310,1510,2310,0.6357084609066638
569,2312,569,2319,564,2323,560,2323,555,2319,555,2315,557,2312,560,2312,562,2310,566,2310,0.5148518782516476
560,2312,560,2319,555,2323,551,2323,546,2319,546,2315,548,2312,551,2312,553,2310,557,2310,0.53621908596168
551,2312,551,2319,546,2323,542,2323,537,2319,537,2315,539,2312,542,2312,544,2310,548,2310,0.5397041060329814
542,2312,542,2319,537,2323,533,2323,528,2319,528,2315,530,2312,533,2312,535,2310,539,2310,0.5333262200001627
533,2312,533,2319,528,2323,524,2323,519,2319,519,2315,521,2312,524,2312,526,2310,530,2310,0.5367976090305352
524,2312,524,2319,519,2323,515,2323,510,2319,510,2315,512,2312,515,2312,517,2310,521,2310,0.5203331380367412
515,2312,515,2319,510,2323,506,2323,501,2319,501,2315,503,2312,506,2312,508,2310,512,2310,0.5118092189784095
506,2312,506,2319,501,2323,497,2323,492,2319,492,2315,494,2312,497,2312,499,2310,503,2310,0.5118702691314475
497,2312,497,2319,492,2323,488,2323,483,2319,483,2315,485,2312,488,2312,490,2310,494,2310,0.5090099809084286
488,2312,488,2319,483,2323,479,2323,474,2319,474,2315,476,2312,479,2312,481,2310,485,2310,0.5203209460638131
479,2312,479,2319,474,2323,470,2323,465,2319,465,2315,467,2312,470,2312,472,2310,476,2310,0.5250986351747997
470,2312,470,2319,465,2323,461,2323,456,2319,456,2315,458,2312,461,2312,463,2310,467,2310,0.5132990496058483
438,2319,438,2315,443,2310,458,2310,463,2315,463,2317,456,2323,443,2323,0.5406332933468677
443,2312,443,2319,438,2323,434,2323,429,2319,429,2315,431,2312,434,2312,436,2310,440,2310,0.5354145313145376
434,2312,434,2319,429,2323,425,2323,420,2319,420,2315,422,2312,425,2312,427,2310,431,2310,0.5385226252640547
427,2315,427,2317,420,2323,398,2323,393,2319,391,2315,393,2312,400,2308,405,2310,422,2310,0.5429172489571751
398,2312,398,2319,393,2323,389,2323,384,2319,384,2315,387,2312,389,2312,391,2310,396,2310,0.5249704848725482
389,2312,389,2319,384,2323,380,2323,375,2319,375,2315,378,2312,380,2312,382,2310,387,2310,0.5369731808428436
357,2319,357,2315,362,2310,378,2310,382,2315,382,2317,375,2323,362,2323,0.5424378385900387
362,2312,362,2319,357,2323,353,2323,348,2319,348,2315,351,2312,353,2312,355,2310,360,2310,0.5538892161857802
353,2312,353,2319,348,2323,344,2323,339,2319,339,2315,342,2312,344,2312,346,2310,351,2310,0.5551272363934133
344,2312,344,2319,339,2323,335,2323,330,2319,330,2315,333,2312,335,2312,337,2310,342,2310,0.5457430219227847
335,2312,335,2319,330,2323,326,2323,321,2319,321,2315,324,2312,326,2312,328,2310,333,2310,0.5344457004102878
326,2312,326,2319,321,2323,317,2323,312,2319,312,2315,315,2312,317,2312,319,2310,324,2310,0.5537562425763878
317,2312,317,2319,312,2323,308,2323,303,2319,303,2315,306,2312,308,2312,310,2310,315,2310,0.563669487172904
308,2312,308,2319,303,2323,299,2323,294,2319,294,2315,297,2312,299,2312,301,2310,306,2310,0.569921017474761
299,2312,299,2319,294,2323,290,2323,285,2319,285,2315,288,2312,290,2312,292,2310,297,2310,0.5684697721943458
281,2312,281,2319,276,2323,272,2323,267,2319,267,2315,270,2312,272,2312,274,2310,279,2310,0.5795469370828609
263,2312,263,2319,261,2321,252,2321,249,2319,249,2315,252,2312,254,2312,256,2310,261,2310,0.5799840151986035
254,2312,254,2319,252,2321,243,2321,240,2319,240,2315,243,2312,245,2312,247,2310,252,2310,0.5885041406503521
245,2312,245,2319,243,2321,234,2321,231,2319,231,2315,234,2312,236,2312,238,2310,243,2310,0.5704013249980143
236,2312,236,2319,234,2321,225,2321,222,2319,222,2315,225,2312,227,2312,229,2310,234,2310,0.5818275118497416
227,2312,227,2319,225,2321,216,2321,213,2319,213,2315,216,2312,218,2312,220,2310,225,2310,0.5815157826201848
211,2315,211,2317,205,2323,191,2323,187,2319,187,2315,191,2310,207,2310,0.6069578023967692
193,2315,193,2317,187,2323,164,2323,160,2319,157,2315,160,2315,166,2310,189,2310,0.59409092944593
164,2312,164,2319,162,2321,153,2321,151,2319,151,2315,153,2312,155,2312,157,2310,162,2310,0.5971843399322377
101,2312,101,2319,99,2321,92,2321,90,2319,90,2315,94,2310,99,2310,0.6124597482383252
