683,1154,809,1154,809,1201,683,1201
15,36,233,36,233,102,15,103
101,665,249,664,249,681,101,681
789,64,984,64,984,91,789,92
260,663,402,663,402,679,260,679
241,1242,342,1241,342,1295,241,1295
259,699,403,698,403,714,259,715
105,733,248,733,248,749,105,749
261,732,404,732,404,748,261,748
102,700,246,699,246,715,102,715
101,630,247,630,247,645,101,646
101,594,245,594,245,611,101,610
299,479,390,478,390,493,299,493
257,628,402,628,402,644,257,644
286,520,369,519,369,538,286,539
562,1233,632,1233,632,1271,562,1272
775,868,874,868,874,903,775,903
796,115,900,115,900,137,796,137
840,306,913,307,913,326,840,326
432,168,554,167,554,186,432,187
335,77,457,77,457,98,335,98
418,1129,505,1129,505,1149,418,1148
258,593,403,593,403,609,258,610
149,201,244,201,244,214,149,214
640,35,741,34,741,66,640,67
248,1165,367,1165,367,1237,248,1237
135,443,188,443,188,460,135,460
280,1128,358,1128,358,1145,280,1145
218,341,294,341,294,358,218,358
842,36,940,35,940,56,842,56
154,177,259,177,259,190,154,190
131,1210,203,1210,203,1228,131,1229
254,174,332,174,332,189,255,189
604,73,694,73,694,98,604,98
675,195,740,194,740,212,675,212
429,239,476,238,476,254,429,254
76,202,146,202,146,216,76,216
842,257,934,257,934,272,842,272
343,355,423,355,423,375,343,375
562,1176,635,1176,635,1214,562,1214
758,137,800,137,800,154,758,154
566,35,631,35,631,62,566,62
277,435,346,434,346,450,277,450
759,93,815,93,815,112,759,112
624,429,684,429,684,449,624,449
680,1197,767,1197,767,1237,680,1237
538,75,597,75,597,99,538,99
861,1127,926,1127,926,1147,861,1147
146,366,214,366,214,381,146,381
344,402,442,402,442,420,344,420
412,1244,471,1244,471,1284,412,1284
450,431,516,431,516,447,450,447
285,29,364,29,364,66,285,66
832,192,898,192,898,211,833,212
518,105,572,105,572,129,518,129
445,30,521,30,521,64,445,64
848,403,910,403,910,422,848,422
373,38,435,38,435,65,373,65
469,1044,508,1044,508,1057,469,1057
702,1128,774,1128,774,1143,702,1144
461,377,522,377,522,397,461,397
536,1062,601,1062,601,1078,536,1078
319,240,364,240,364,259,319,259
350,433,376,434,376,450,350,450
169,344,211,344,211,362,170,362
6,8,147,9,146,114,5,113
163,265,204,265,204,284,163,284
73,176,126,176,126,192,73,193
397,217,447,217,447,235,397,235
465,517,532,517,532,536,465,536
829,513,885,513,885,527,829,527
662,406,722,406,722,424,662,425
414,1176,484,1175,484,1237,414,1238
915,305,958,305,958,321,915,321
504,354,558,354,558,369,504,369
486,216,530,216,530,232,486,232
540,886,582,886,582,904,540,904
821,474,872,474,872,489,821,489
150,1001,185,1001,185,1016,150,1016
346,377,394,377,394,393,346,393
83,342,116,342,116,361,83,361
312,199,400,199,400,213,312,213
816,489,866,489,866,503,816,503
153,421,200,421,200,441,153,441
488,494,536,494,536,511,488,511
861,1104,906,1104,906,1121,861,1121
279,265,321,265,321,281,279,281
669,260,726,260,726,277,669,277
78,292,108,292,108,309,78,309
800,404,847,404,847,423,800,423
625,375,670,375,670,391,625,391
87,389,127,389,127,405,87,405
512,237,555,237,555,253,512,253
140,220,210,220,210,236,140,237
299,1107,337,1107,337,1122,299,1122
295,408,344,408,344,426,295,426
227,242,287,242,287,260,227,260
666,516,706,516,706,534,666,534
872,168,918,168,918,187,872,188
446,1107,507,1107,507,1124,446,1125
438,105,484,105,484,125,438,125
608,407,643,407,643,422,608,422
630,515,664,515,664,531,630,531
745,194,782,194,782,208,745,208
838,872,910,872,910,902,838,902
926,1057,966,1057,966,1073,926,1073
178,388,214,388,214,403,178,403
134,1161,170,1161,170,1176,134,1176
669,886,711,886,711,904,669,904
93,1184,132,1184,132,1202,93,1202
400,377,450,378,450,393,400,393
331,171,374,172,374,188,331,188
105,1064,146,1065,146,1078,105,1078
169,979,211,979,211,997,169,997
411,1106,447,1106,446,1122,411,1122
119,344,167,344,168,359,119,359
464,75,534,75,534,96,464,96
491,886,535,886,535,905,491,905
885,1059,926,1059,926,1076,885,1076
228,288,266,288,266,306,228,306
308,1065,354,1065,354,1080,308,1080
130,389,170,389,170,404,130,404
854,427,914,427,914,445,854,445
127,979,168,979,168,998,127,998
692,1105,742,1105,742,1121,692,1121
324,497,365,497,365,513,324,513
78,222,106,222,106,238,78,238
142,1247,191,1247,191,1266,142,1266
376,173,403,173,403,187,376,187
901,192,928,191,928,208,901,208
745,1105,787,1105,787,1124,745,1124
107,178,148,177,148,191,107,191
806,373,846,373,846,388,806,388
869,490,901,490,901,502,869,502
582,262,625,262,625,278,582,278
119,490,152,490,152,506,119,506
163,1046,211,1046,211,1061,163,1061
547,354,588,354,588,369,547,368
368,239,409,239,409,256,368,256
626,886,664,886,664,904,626,904
78,267,116,267,116,283,78,284
798,426,836,426,836,443,798,443
554,587,591,587,591,610,554,610
708,374,741,374,740,392,708,392
225,221,259,220,259,235,225,235
119,266,160,267,160,283,119,283
133,513,162,513,162,530,133,530
713,172,748,172,748,190,713,190
116,1028,149,1028,149,1042,116,1042
213,1045,249,1045,249,1059,213,1059
150,1066,181,1065,181,1079,150,1079
480,238,509,238,509,253,480,253
182,1065,221,1065,221,1080,182,1080
665,172,710,172,710,190,665,190
391,171,434,171,434,187,391,187
474,408,513,408,513,424,474,424
229,265,265,265,265,283,229,283
344,407,423,407,423,427,344,427
309,288,344,288,344,304,309,304
584,172,623,172,623,189,584,189
430,403,467,404,467,423,430,423
198,1082,233,1082,233,1096,198,1097
103,1082,140,1082,140,1098,103,1098
521,431,546,431,546,446,521,446
591,375,627,375,627,391,591,392
552,375,587,375,587,391,552,391
186,489,206,489,206,505,186,505
436,1082,466,1082,466,1094,436,1095
749,171,791,171,791,190,749,190
422,1062,455,1062,455,1077,422,1077
443,198,488,198,488,210,443,210
500,1062,531,1062,531,1078,501,1078
531,36,559,36,559,66,531,66
492,196,553,196,553,209,492,209
743,373,786,373,786,393,743,393
588,195,620,195,620,211,588,211
671,375,704,375,704,394,671,394
108,222,134,222,134,237,108,237
578,1128,615,1128,615,1143,578,1143
585,886,621,885,621,904,585,904
265,410,294,410,294,427,265,427
613,1081,642,1081,642,1093,613,1093
473,354,505,354,505,370,473,370
549,1004,567,1004,567,1022,549,1022
293,496,323,497,323,512,293,511
157,1083,194,1084,194,1097,157,1097
235,1082,275,1081,275,1098,235,1098
251,1045,288,1045,288,1061,251,1061
156,1186,178,1186,178,1202,156,1201
569,1106,600,1106,600,1122,569,1122
565,1080,589,1080,589,1095,565,1095
524,1079,564,1079,564,1095,524,1095
318,1045,361,1045,361,1061,318,1061
388,1064,417,1064,417,1077,388,1077
130,1048,161,1048,161,1063,130,1063
791,1060,814,1060,814,1077,791,1077
119,421,151,421,151,439,119,438
270,289,306,289,306,305,270,305
276,1081,296,1081,296,1095,276,1095
105,1047,127,1047,127,1060,105,1060
451,217,481,217,481,232,451,232
790,37,833,37,833,56,790,56
276,200,310,200,310,213,276,213
634,491,668,491,668,507,634,507
164,513,191,513,191,528,164,528
458,1063,498,1063,498,1078,458,1078
591,1079,612,1079,612,1094,591,1094
857,474,894,474,894,487,857,487
716,883,744,883,744,903,716,903
439,355,470,355,470,370,439,370
206,1185,242,1185,242,1203,206,1203
816,1059,833,1059,833,1075,816,1075
664,475,694,475,694,490,663,490
628,1062,657,1062,657,1077,628,1077
262,220,291,220,291,235,262,235
417,1044,445,1044,445,1058,417,1058
385,1045,413,1045,413,1058,385,1058
882,474,913,474,913,488,882,488
404,198,435,199,435,212,404,212
754,115,781,115,781,131,754,131
731,1060,764,1060,764,1078,731,1078
176,1161,198,1161,198,1179,176,1179
460,492,485,492,485,510,460,510
489,106,516,106,516,125,489,125
270,1064,307,1064,307,1079,270,1078
221,1065,249,1065,249,1079,221,1079
135,1185,153,1186,153,1201,135,1201
184,1185,203,1185,203,1202,184,1202
86,1028,115,1028,115,1043,86,1043
348,1082,369,1082,369,1095,348,1095
84,367,113,366,113,383,85,383
287,241,315,241,315,258,287,258
301,1082,327,1082,327,1095,301,1095
471,1081,492,1081,492,1095,471,1095
843,372,871,372,871,388,843,388
293,1046,315,1046,315,1059,293,1059
364,1045,384,1045,384,1059,364,1059
689,430,708,430,708,446,689,446
357,218,381,218,381,233,357,233
768,1060,785,1060,785,1077,768,1077
292,220,353,220,353,235,293,235
159,489,182,490,182,505,159,505
446,1044,466,1044,465,1058,446,1057
251,200,273,200,273,214,251,214
571,621,594,621,594,641,571,641
857,1059,883,1059,883,1074,857,1074
845,169,868,169,868,187,845,186
522,377,549,376,549,391,522,391
117,366,143,366,142,382,117,382
493,1081,521,1081,521,1094,493,1095
328,1082,349,1082,349,1095,328,1095
606,1062,626,1062,626,1076,606,1076
403,1082,433,1082,433,1095,403,1096
707,1061,728,1061,728,1076,707,1076
313,264,346,264,346,281,313,281
724,260,753,260,753,276,724,275
837,1059,855,1059,855,1074,837,1074
660,1061,682,1061,682,1077,660,1077
84,1064,103,1064,103,1078,84,1078
356,1065,384,1065,384,1077,356,1077
373,1082,400,1082,400,1095,373,1095
673,492,696,492,696,507,673,508
687,1061,702,1061,702,1076,687,1076
786,374,804,374,804,392,786,392
560,169,583,169,583,187,560,187
519,409,555,409,555,424,519,424
377,218,396,218,396,233,377,233
644,407,661,407,661,422,644,422
603,1107,625,1107,625,1122,603,1122
145,1083,165,1083,165,1096,145,1096
551,626,565,626,565,642,551,642
