55,49,208,49,208,89,56,89
335,367,441,367,441,382,335,383
796,16,954,16,954,67,796,67
536,1220,603,1220,603,1254,536,1254
533,1156,614,1156,614,1199,534,1199
597,542,706,542,706,602,597,603
253,596,392,595,392,611,253,611
817,307,890,307,890,328,817,328
90,597,250,597,250,612,90,612
287,446,385,446,385,460,287,460
665,1147,733,1147,733,1173,665,1173
738,95,794,95,794,112,738,112
104,561,232,561,232,576,104,576
312,74,435,73,435,94,312,95
120,193,218,193,218,206,120,206
621,35,722,35,722,69,621,69
375,164,531,163,531,182,375,182
775,117,880,117,880,138,775,138
384,1125,471,1125,471,1144,384,1144
834,232,925,231,925,245,835,245
96,1207,168,1206,168,1225,96,1225
166,166,255,166,256,181,166,182
262,25,343,25,343,61,263,62
254,513,338,513,339,533,254,533
280,561,357,561,357,576,280,576
656,194,719,194,719,213,656,213
540,343,612,343,612,363,540,363
815,195,878,194,878,213,815,213
46,193,119,192,119,206,46,206
118,358,184,358,184,373,118,373
780,1114,817,1114,817,1132,780,1132
596,428,658,428,658,449,596,450
665,1186,729,1185,729,1221,665,1222
395,1238,459,1238,459,1279,395,1279
516,74,577,74,577,98,516,98
658,1240,732,1240,732,1277,658,1276
736,139,781,139,781,158,736,158
247,1124,326,1125,326,1141,247,1140
824,1056,891,1056,891,1074,824,1075
583,74,675,74,675,100,583,100
545,36,613,35,613,62,545,62
46,167,118,167,118,182,46,182
668,1031,754,1031,754,1049,667,1048
853,445,910,445,910,459,853,459
102,438,157,438,157,453,102,453
637,405,697,405,697,421,638,421
115,997,151,997,151,1012,115,1012
677,1124,750,1124,750,1139,677,1139
351,36,414,35,414,62,351,62
425,28,498,28,498,62,425,62
665,231,748,230,748,246,665,246
404,234,452,234,452,249,404,249
736,1182,789,1182,789,1210,736,1210
186,336,265,336,265,351,186,351
286,193,352,193,352,207,286,207
801,512,861,513,861,528,801,528
500,1056,572,1056,572,1073,500,1073
662,1101,716,1101,716,1121,662,1121
109,1244,154,1243,154,1261,109,1261
384,1179,453,1179,453,1225,384,1225
116,1266,150,1265,151,1281,116,1282
418,429,488,428,488,445,418,445
826,405,884,405,884,424,827,424
293,234,339,234,339,251,293,251
820,445,879,445,879,459,820,459
496,104,550,104,550,127,496,127
460,319,495,319,495,335,460,335
436,513,503,513,503,531,436,532
266,405,315,405,315,421,266,421
459,882,503,881,503,900,459,901
90,975,133,975,133,993,90,993
713,1110,768,1110,768,1123,713,1123
308,166,350,166,350,182,308,181
118,168,175,169,175,182,118,181
899,1054,937,1053,937,1069,899,1069
420,193,464,193,464,206,420,207
122,1079,159,1078,159,1094,122,1094
282,1040,327,1040,327,1056,282,1056
247,430,318,430,318,445,247,445
790,488,840,488,840,504,790,504
441,74,511,74,511,94,441,94
718,1036,778,1036,778,1051,718,1051
129,1040,174,1040,174,1056,129,1056
639,514,677,513,677,531,639,531
493,1074,533,1074,533,1089,493,1089
417,1102,475,1102,475,1119,417,1119
509,320,561,320,561,339,509,339
894,308,937,308,937,323,894,323
58,381,95,381,95,397,58,397
294,490,337,490,337,508,294,508
814,1097,868,1097,868,1120,814,1120
830,430,887,430,887,443,830,443
135,975,176,975,176,992,135,992
200,233,256,233,256,252,200,252
415,102,463,102,463,123,415,123
109,212,181,212,181,227,109,228
121,414,166,414,167,434,121,434
808,877,853,877,853,902,808,902
50,257,87,257,87,274,50,274
391,344,425,343,425,359,391,359
581,230,626,230,626,246,581,246
67,1078,107,1078,107,1094,67,1095
273,1059,321,1058,321,1073,273,1074
786,1057,837,1058,837,1074,786,1073
445,406,486,405,486,421,445,421
53,334,86,334,86,351,53,351
340,342,389,342,389,359,340,359
187,1060,217,1060,217,1074,187,1074
461,212,507,212,507,228,461,229
370,213,423,213,423,230,370,230
852,1121,897,1121,897,1141,852,1141
146,1060,184,1060,184,1074,146,1074
767,73,803,73,803,89,767,89
161,1078,199,1078,200,1091,161,1091
80,1024,114,1024,114,1037,80,1037
736,1058,800,1058,800,1071,736,1071
488,234,530,234,530,250,488,250
59,1182,96,1182,96,1199,59,1199
546,1122,582,1122,582,1139,546,1139
781,1041,817,1041,817,1054,781,1054
87,482,121,482,121,498,87,498
135,257,177,257,177,275,135,276
427,212,456,212,456,227,428,227
269,213,328,213,328,228,269,228
436,1039,475,1039,475,1051,436,1051
776,404,821,404,821,424,776,424
92,257,133,257,133,274,92,274
509,882,552,882,552,899,509,900
282,281,320,281,320,297,282,297
613,1097,654,1097,654,1116,613,1116
853,171,899,171,899,190,853,190
233,213,264,213,264,228,233,228
243,193,285,193,285,206,243,206
916,74,965,74,965,89,916,90
282,258,320,257,320,272,282,273
387,1058,425,1058,425,1071,387,1071
467,193,530,193,530,207,467,207
98,505,129,505,129,522,99,522
762,877,806,877,806,900,762,900
68,1059,112,1060,112,1073,68,1073
54,358,83,357,83,375,54,375
100,381,139,381,139,397,100,398
347,193,407,193,407,206,347,206
138,336,182,336,182,354,138,354
99,1158,136,1158,136,1173,99,1174
611,343,647,343,647,360,611,360
716,1073,747,1073,747,1087,716,1087
201,258,237,258,237,274,201,274
267,1103,302,1103,301,1118,267,1118
562,1074,594,1074,594,1091,562,1091
673,343,704,343,704,360,673,360
258,166,305,166,305,182,257,181
147,381,183,381,183,397,147,397
378,1102,414,1102,414,1117,378,1117
127,483,150,483,150,497,127,497
235,405,264,405,264,421,235,421
591,1077,644,1078,644,1094,591,1094
507,343,538,343,538,360,507,360
336,320,375,320,375,336,336,336
352,1059,385,1059,385,1072,352,1071
260,489,293,489,293,505,260,505
305,1257,330,1257,330,1281,305,1281
90,334,137,334,137,351,90,351
48,282,79,282,79,298,48,298
96,1042,126,1042,126,1056,96,1056
619,1028,667,1028,667,1042,619,1042
173,1182,208,1182,208,1198,173,1198
723,194,759,194,759,209,723,209
242,282,280,282,280,297,242,297
554,882,591,882,591,900,554,900
458,490,507,490,507,508,458,508
595,882,634,882,633,900,595,900
378,321,416,321,416,336,378,336
426,1058,464,1058,464,1072,426,1073
564,171,600,171,600,187,564,187
707,343,749,343,749,363,707,363
178,1040,214,1040,214,1054,178,1054
199,214,228,214,228,228,199,228
647,1187,686,1187,686,1218,647,1218
87,359,110,359,110,374,87,375
752,1077,779,1077,779,1090,751,1090
111,1061,146,1061,146,1075,112,1075
338,235,383,235,383,250,338,250
50,213,77,213,77,228,50,228
687,1071,709,1071,709,1084,687,1084
827,1118,861,1118,860,1142,826,1142
729,173,769,173,769,190,729,190
200,282,238,282,238,298,200,298
330,1041,351,1041,351,1054,330,1054
722,1091,758,1091,758,1107,721,1106
597,1057,625,1057,625,1074,597,1073
314,1077,336,1077,336,1090,314,1090
607,490,641,490,641,505,607,505
693,173,728,173,728,190,693,191
217,1041,254,1041,255,1056,218,1056
628,1049,670,1049,670,1069,628,1069
762,1094,804,1095,804,1110,762,1110
333,212,355,212,355,228,333,228
241,1075,262,1075,262,1090,241,1090
384,1040,412,1040,412,1052,384,1052
686,879,715,879,715,899,686,899
580,406,615,406,615,420,580,420
454,234,486,233,486,249,454,249
693,1053,735,1053,735,1068,693,1068
564,193,598,194,598,210,564,210
671,1050,707,1050,707,1067,671,1066
491,406,527,406,527,421,491,421
80,212,106,212,106,228,80,228
536,1100,568,1100,568,1116,536,1116
338,1076,367,1076,367,1089,338,1089
221,193,254,193,254,206,221,206
637,882,682,882,682,899,637,899
471,344,504,344,504,359,471,359
772,343,802,343,802,360,772,360
644,172,686,172,686,191,644,191
88,414,118,414,118,431,88,431
783,1079,803,1079,803,1094,783,1094
259,1040,281,1041,280,1054,259,1054
434,1075,460,1076,460,1089,434,1089
467,1058,498,1058,498,1072,467,1072
68,1041,92,1041,92,1054,68,1055
133,506,159,506,159,521,133,521
601,512,635,512,635,529,601,529
416,320,460,320,460,336,416,335
432,489,456,489,455,505,432,505
581,1030,621,1030,621,1054,581,1054
464,103,492,103,493,123,464,123
663,431,686,432,686,450,663,450
402,1077,431,1077,431,1089,402,1089
350,167,381,167,381,182,350,181
50,1023,78,1023,78,1038,50,1038
232,1059,272,1059,272,1073,232,1073
774,427,809,427,809,444,775,444
261,234,289,234,289,249,261,249
738,74,762,74,762,92,738,92
528,1074,559,1074,559,1089,528,1089
99,1183,118,1183,118,1198,99,1198
461,1077,491,1076,491,1089,461,1089
509,36,538,36,538,66,509,66
627,1059,671,1059,671,1080,627,1080
352,1040,379,1040,379,1053,352,1053
414,405,442,405,442,421,414,421
646,489,670,489,670,509,646,509
620,406,640,406,639,421,620,421
342,560,387,559,387,576,342,576
735,116,763,116,763,132,735,132
154,482,173,482,173,498,154,498
879,1098,897,1098,897,1117,879,1117
264,1077,293,1077,293,1090,264,1090
142,1157,163,1157,163,1175,142,1175
319,405,361,405,361,424,319,424
641,343,671,343,671,362,642,362
660,440,690,440,690,458,660,458
445,343,469,343,469,359,445,359
201,1076,241,1076,241,1092,201,1092
572,1102,602,1102,602,1118,572,1118
247,560,278,560,278,577,247,576
491,429,520,429,520,445,491,445
122,1182,144,1182,144,1198,122,1198
571,1058,594,1058,594,1074,571,1074
843,488,875,488,875,504,844,504
883,195,909,195,909,210,883,209
428,343,450,343,450,359,428,359
150,1182,168,1182,168,1198,150,1198
750,343,774,343,774,360,750,360
323,1059,353,1060,353,1072,323,1071
246,258,278,258,278,272,246,273
413,1040,432,1040,432,1052,413,1052
670,1092,716,1092,716,1111,670,1111
826,171,848,171,848,188,826,188
356,213,377,213,376,228,356,228
370,1076,400,1076,400,1089,370,1089
295,1077,318,1077,318,1090,295,1090
589,536,668,536,667,586,589,585
